0.185306 0.0682632 -0.00596431 -0.0421706 0.00367467 -0.000134965 0.0180123 -0.121203 0.00865882 -0.00338482 0.00167576 -0.000216547 -0.203318 0.0529396 -0.00269451 0.0455554 -0.00535043 0.000351512 -0.126505 0.097972 -0.00688649 0.0254279 -0.00414313 0.00042611 0.219967 0.0115496 -0.000163733 -0.0374279 0.00621601 -0.0012099 -0.0934626 -0.109522 0.00705023 0.0119999 -0.00207288 0.000783791 
0.160332 0.0802836 -0.00668031 -0.0381581 0.00316384 -9.44422e-05 0.0501879 -0.114543 0.00778738 -0.00829757 0.00237385 -0.00022616 -0.21052 0.0342591 -0.00110707 0.0464556 -0.00553769 0.000320602 -0.147719 0.0839278 -0.00534878 0.0254858 -0.00346327 0.000390357 0.210232 0.0317142 -0.00358319 -0.0343719 0.00504909 -0.000670039 -0.0625129 -0.115642 0.00893197 0.00888613 -0.00158582 0.000279682 
0.132655 0.0902908 -0.00720932 -0.0334454 0.00247287 -4.38051e-05 0.0795371 -0.105609 0.00689683 -0.0134825 0.00297551 -0.000245315 -0.212192 0.0153178 0.000312483 0.0469279 -0.00544839 0.00028912 -0.165805 0.0704821 -0.0040031 0.0277291 -0.0039018 0.000445849 0.194854 0.0481924 -0.00495759 -0.0336945 0.00426379 -0.000540498 -0.0290483 -0.118675 0.00896069 0.00596544 -0.000361987 9.46488e-05 
0.102995 0.0978091 -0.00753529 -0.028063 0.00170025 7.04599e-06 0.105532 -0.0947322 0.00593191 -0.0184827 0.00348587 -0.000262333 -0.208527 -0.00307686 0.00160338 0.0465458 -0.00518612 0.000255287 -0.180071 0.0554408 -0.0026841 0.0309756 -0.00439049 0.000507207 0.175701 0.0619842 -0.00576556 -0.0327696 0.0036431 -0.000497274 0.00436962 -0.117425 0.00844965 0.00179405 0.000747384 -9.93312e-06 
0.07218 0.102627 -0.00765517 -0.0221622 0.00089632 5.5055e-05 0.127736 -0.0822331 0.00489216 -0.0230708 0.00389945 -0.000273674 -0.199916 -0.0203935 0.00276301 0.045233 -0.00479577 0.000218619 -0.189789 0.0390101 -0.0013696 0.0342491 -0.00470819 0.000553096 0.153507 0.0734953 -0.00635575 -0.0310008 0.00305831 -0.000459463 0.0362813 -0.112505 0.00772535 -0.0032483 0.00164988 -9.36326e-05 
0.0410524 0.104681 -0.00757474 -0.0159237 9.53368e-05 9.88542e-05 0.145806 -0.0684504 0.00379553 -0.0270967 0.00420961 -0.000278301 -0.186859 -0.0362308 0.00377921 0.0430204 -0.00430494 0.000179447 -0.194565 0.0218506 -8.33995e-05 0.0369643 -0.00483167 0.000579832 0.128836 0.0827962 -0.00678981 -0.0283328 0.00245616 -0.000410415 0.0657287 -0.104647 0.00687321 -0.00863146 0.0023755 -0.000169417 
0.0104271 0.104018 -0.00730601 -0.00953532 -0.000675543 0.000137546 0.159505 -0.053744 0.00266638 -0.0304487 0.00441148 -0.000276044 -0.169932 -0.0502745 0.00463963 0.0399841 -0.00373593 0.000138497 -0.194314 0.00463281 0.00114156 0.0388049 -0.00477848 0.000588014 0.102292 0.0898312 -0.00706702 -0.0248593 0.00182416 -0.000349283 0.0920221 -0.094464 0.00592546 -0.0139457 0.00295432 -0.000238731 
-0.0189333 0.100772 -0.00686584 -0.00318178 -0.0013938 0.000170461 0.168702 -0.0384872 0.00153114 -0.0330439 0.0045029 -0.000267116 -0.149769 -0.0622844 0.0053347 0.0362257 -0.0031091 9.66553e-05 -0.189187 -0.0120492 0.00227426 0.039621 -0.00457241 0.000579205 0.0745332 0.0945277 -0.00717979 -0.0207178 0.00116836 -0.000278611 0.114653 -0.0824785 0.00490553 -0.0189033 0.00340405 -0.000300594 
-0.0463389 0.095146 -0.00627481 0.00296194 -0.00204094 0.000197123 0.173382 -0.0230577 0.000416312 -0.0348255 0.00448461 -0.000251969 -0.127043 -0.0720883 0.0058585 0.0318636 -0.00244367 5.48456e-05 -0.179513 -0.0276898 0.0032885 0.0393683 -0.00423744 0.00055525 0.0462513 0.0968456 -0.00712544 -0.0160606 0.000502588 -0.000201442 0.133262 -0.0691558 0.00383695 -0.0233077 0.00373485 -0.000353808 
-0.0711881 0.0874059 -0.00555639 0.00873659 -0.00260236 0.000217253 0.173637 -0.00782699 -0.000652586 -0.0357624 0.00436026 -0.000231231 -0.102449 -0.0795789 0.00620898 0.0270258 -0.00175789 1.39779e-05 -0.16576 -0.0418705 0.00416353 0.038074 -0.00379716 0.000518149 0.0181399 0.0967967 -0.00690754 -0.0110455 -0.000156415 -0.000120749 0.14762 -0.0549262 0.00274402 -0.0270284 0.00395357 -0.0003974 
-0.0929797 0.0778604 -0.00473601 0.0140032 -0.00306732 0.000230753 0.169664 0.00684925 -0.00165191 -0.0358488 0.00413628 -0.000205671 -0.0766846 -0.0847097 0.00638792 0.0218456 -0.00106896 -2.50827e-05 -0.148492 -0.0542593 0.00488415 0.0358159 -0.00327479 0.000470002 -0.00912722 0.094452 -0.00653525 -0.00583229 -0.000791208 -3.93413e-05 0.15762 -0.0401927 0.0016511 -0.0299836 0.004066 -0.00043066 
-0.11132 0.0668512 -0.00384021 0.0186461 -0.00342876 0.000237704 0.161757 0.0206405 -0.00256055 -0.0351035 0.00382171 -0.000176167 -0.0504372 -0.0874916 0.00640076 0.0164574 -0.00039295 -6.15366e-05 -0.128348 -0.0646081 0.00544059 0.0327074 -0.00269297 0.000412954 -0.0349168 0.0899413 -0.00602245 -0.000578653 -0.00138495 4.01774e-05 0.163265 -0.0253331 0.00058186 -0.0321288 0.00407792 -0.000453131 
-0.125928 0.054739 -0.0028959 0.0225751 -0.00368313 0.000238337 0.150294 0.0332499 -0.00336045 -0.0335686 0.00342778 -0.00014367 -0.0243668 -0.087989 0.00625635 0.0109935 0.000255347 -9.46663e-05 -0.106006 -0.0727505 0.00582823 0.0288853 -0.00207334 0.000349141 -0.0586539 0.0834502 -0.00538687 0.00456274 -0.00192227 0.000115457 0.16466 -0.0106997 -0.000441359 -0.033448 0.00399562 -0.000464598 
-0.136633 0.0418929 -0.00192956 0.0257257 -0.00383014 0.000233021 0.135727 0.0444217 -0.00403707 -0.0313068 0.00296762 -0.000109169 0.000906081 -0.0863146 0.00596663 0.00558111 0.000862517 -0.000123852 -0.0821649 -0.0785966 0.00604725 0.0245004 -0.00143617 0.000280641 -0.0798368 0.0752137 -0.00464925 0.00944839 -0.00238997 0.000184452 0.162002 0.00338294 -0.00139799 -0.0339488 0.00382614 -0.000465093 
-0.143375 0.0286788 -0.000966658 0.0280593 -0.00387236 0.000222242 0.118562 0.0539466 -0.00457961 -0.0283998 0.00245567 -7.36558e-05 0.0248126 -0.0826254 0.00554627 0.000340494 0.00141669 -0.000148586 -0.0575202 -0.082128 0.00610217 0.0197099 -0.000800021 0.000209445 -0.0980492 0.0655074 -0.00383249 0.0139478 -0.00277746 0.000245463 0.155569 0.0166206 -0.00226968 -0.0336577 0.00357748 -0.000454907 
-0.146198 0.0154501 -3.10526e-05 0.0295616 -0.00381497 0.000206582 0.0993522 0.0616665 -0.00498118 -0.0249441 0.00190726 -3.80994e-05 0.046846 -0.0771166 0.00501223 -0.00461756 0.00190771 -0.000168483 -0.0327449 -0.0833901 0.00600137 0.0146703 -0.000181533 0.000137425 -0.112969 0.054638 -0.00296077 0.0179474 -0.00307712 0.000297161 0.145714 0.0287521 -0.0030406 -0.0326177 0.00325866 -0.000434586 
-0.145242 0.00253975 0.000855488 0.0302414 -0.00366528 0.000186701 0.0786724 0.0674761 -0.00523879 -0.0210479 0.00133805 -3.41522e-06 0.06657 -0.0700158 0.0043833 -0.00919347 0.00232723 -0.000183286 -0.00847343 -0.0824851 0.00575652 0.00953284 0.000404695 6.6322e-05 -0.124373 0.0429324 -0.00205875 0.021353 -0.00328442 0.0003386 0.132846 0.0395527 -0.00369777 -0.0308859 0.00287972 -0.000404922 
-0.140734 -0.00974713 0.00167367 0.030128 -0.00343245 0.000163317 0.0571085 0.0713238 -0.00535329 -0.0168274 0.000763559 2.95561e-05 0.0836257 -0.0615766 0.00367962 -0.0133006 0.0026689 -0.000192873 0.0147116 -0.0795637 0.00538208 0.00443918 0.000946174 -2.26793e-06 -0.132141 0.0307267 -0.00115077 0.0240928 -0.00339785 0.000369208 0.117429 0.048837 -0.0042313 -0.028532 0.00245168 -0.00036694 
-0.132976 -0.0211388 0.00240699 0.0292693 -0.00312709 0.000137189 0.0352398 0.0732107 -0.00532911 -0.0124025 0.000198702 6.00671e-05 0.0977363 -0.0520719 0.00292212 -0.0168667 0.00292839 -0.000197256 0.0362907 -0.0748174 0.00489472 -0.000481381 0.00143253 -6.69089e-05 -0.136251 0.0183556 -0.000260166 0.0261178 -0.00341885 0.000388767 0.0999607 0.0564618 -0.00463455 -0.0256364 0.00198632 -0.000321858 
-0.122335 -0.0314016 0.00304195 0.0277287 -0.00276089 0.000109098 0.0136246 0.073188 -0.00517396 -0.00789365 -0.000342608 8.74776e-05 0.10871 -0.0417864 0.00213201 -0.019835 0.0031035 -0.000196575 0.0558154 -0.0684701 0.00431282 -0.00511397 0.00185548 -0.000126335 -0.13678 0.00614263 0.000591384 0.0274027 -0.00335148 0.000397389 0.0809649 0.0623275 -0.00490421 -0.0222887 0.001496 -0.000271055 
-0.109227 -0.0403428 0.00356821 0.0255828 -0.00234629 7.98264e-05 -0.00721348 0.0713528 -0.00489849 -0.00341773 -0.000847802 0.000111264 0.11644 -0.03101 0.00133028 -0.022165 0.00319409 -0.000191091 0.0729149 -0.0607709 0.00365592 -0.00935956 0.00220878 -0.000179459 -0.133892 -0.00560901 0.00138434 0.027945 -0.0032021 0.00039548 0.060977 0.0663799 -0.00504027 -0.0185855 0.000993321 -0.000216021 
-0.0941079 -0.0478132 0.00397863 0.0229184 -0.00189615 5.0146e-05 -0.0267968 0.0678435 -0.00451581 0.000914622 -0.00130593 0.000131026 0.120905 -0.0200303 0.000537176 -0.023833 0.00320207 -0.000181172 0.0872993 -0.0519858 0.00294421 -0.0131358 0.00248819 -0.000225388 -0.12783 -0.0166238 0.00210174 0.027764 -0.00297904 0.000383697 0.0405311 0.0686096 -0.00504596 -0.0146282 0.00049085 -0.000158309 
-0.077458 -0.0537077 0.00426932 0.0198299 -0.00142342 2.0797e-05 -0.0447039 0.0628336 -0.00404105 0.005002 -0.00170785 0.000146487 0.122162 -0.00912592 -0.000228268 -0.0248319 0.00313127 -0.000167284 0.0987618 -0.0423911 0.00219804 -0.0163773 0.00269136 -0.000263428 -0.118909 -0.0266601 0.00272949 0.0268982 -0.00269211 0.000362915 0.0201473 0.0690512 -0.00492753 -0.0105209 7.48223e-07 -9.94871e-05 
-0.0597688 -0.0579656 0.00443946 0.0164166 -0.000940878 -7.52574e-06 -0.060577 0.0565257 -0.00349083 0.00875445 -0.00204637 0.000157495 0.120346 0.00143987 -0.000948627 -0.0251711 0.00298725 -0.000149969 0.107179 -0.0322664 0.00143745 -0.019036 0.00281781 -0.000293091 -0.107498 -0.0355148 0.00325656 0.0254034 -0.00235227 0.000334179 0.000319544 0.0677811 -0.00469402 -0.00636744 -0.000465541 -4.10884e-05 
-0.0415311 -0.0605694 0.00449125 0.01278 -0.000460815 -3.41865e-05 -0.0741277 0.0491444 -0.0028828 0.0120953 -0.00231635 0.000164016 0.115659 0.011425 -0.00160845 -0.0248752 0.00277717 -0.00012983 0.112506 -0.0218878 0.000681761 -0.0210804 0.00286879 -0.0003141 -0.0940112 -0.0430262 0.0036751 0.0233495 -0.00197119 0.000298668 -0.0184951 0.064914 -0.00435686 -0.00226909 -0.000897595 1.5432e-05 
-0.023223 -0.0615427 0.00442964 0.00902112 5.19921e-06 -5.86212e-05 -0.085141 0.0409292 -0.00223508 0.0149624 -0.00251465 0.000166132 0.108364 0.0206135 -0.00219456 -0.0239835 0.00250945 -0.000107511 0.114779 -0.0115223 -5.08735e-05 -0.0224956 0.00284717 -0.000326391 -0.0788931 -0.0490762 0.00398042 0.0208176 -0.00156089 0.000257655 -0.0358863 0.0605985 -0.00392955 0.00167799 -0.00128627 6.87361e-05 
-0.00529918 -0.0609478 0.00426208 0.00523876 0.000446547 -8.03476e-05 -0.093476 0.0321279 -0.00156582 0.0173088 -0.00264011 0.000164026 0.0987751 0.0288198 -0.00269626 -0.0225476 0.00219357 -8.36786e-05 0.114104 -0.00142205 -0.000743793 -0.0232822 0.00275733 -0.000330102 -0.0626056 -0.0535904 0.00417096 0.0178971 -0.0011334 0.000212467 -0.0514986 0.0550124 -0.00342716 0.00538513 -0.00162393 0.000117635 
0.0118192 -0.0588817 0.00399824 0.00152675 0.000853757 -9.8973e-05 -0.099066 0.0229899 -0.00089275 0.0191035 -0.0026935 0.000157977 0.0872468 0.0358918 -0.00310549 -0.0206302 0.00183975 -5.90037e-05 0.110653 0.0081808 -0.00138216 -0.0234557 0.00260501 -0.000325569 -0.0456154 -0.0565374 0.00424809 0.0146825 -0.00070043 0.000164454 -0.065038 0.0483566 -0.00286593 0.00877322 -0.00190458 0.000161116 
0.0277526 -0.0554724 0.00364961 -0.00202774 0.00121867 -0.0001142 -0.101916 0.0137593 -0.000232727 0.0203308 -0.00267733 0.000148343 0.0741634 0.0417131 -0.00341688 -0.0183031 0.00145866 -3.41434e-05 0.104658 0.0170781 -0.00195321 -0.0230448 0.00239709 -0.00031331 -0.0283816 -0.0579272 0.00421594 0.0112704 -0.000273136 0.000114953 -0.076276 0.040849 -0.00226274 0.0117744 -0.00212395 0.000198357 
0.0421708 -0.0508739 0.00322918 -0.00534593 0.00153457 -0.000125828 -0.102099 0.0046698 0.0003986 0.0209901 -0.00259569 0.000135553 0.0599279 0.0462041 -0.00362778 -0.0156442 0.00106112 -9.7256e-06 0.0963975 0.0250896 -0.00244646 -0.0220908 0.00214144 -0.000294004 -0.0113449 -0.0578079 0.00408114 0.00775716 0.00013815 6.52607e-05 -0.0850526 0.0327183 -0.00163468 0.0143337 -0.00227959 0.000228744 
0.0547974 -0.0452613 0.00275104 -0.00835889 0.00179627 -0.000133755 -0.0997489 -0.00406091 0.000987128 0.0210952 -0.00245411 0.000120089 0.0449515 0.0493222 -0.00373817 -0.0127363 0.000657838 1.36661e-05 0.0861941 0.0320657 -0.00285385 -0.0206455 0.00184667 -0.000268473 0.00508278 -0.0562629 0.00385247 0.00423614 0.0005241 1.66049e-05 -0.0912768 0.0241973 -0.000998616 0.0164094 -0.00237077 0.000251868 
0.0654149 -0.0388254 0.00222994 -0.0110087 0.00200016 -0.000137977 -0.0950572 -0.0122357 0.00152056 0.0206726 -0.00225925 0.000102473 0.0296423 0.0510611 -0.0037505 -0.00966385 0.000259099 3.55044e-05 0.0743993 0.0378893 -0.00316983 -0.0187698 0.00152192 -0.000237651 0.0205266 -0.0534063 0.00354055 0.000795589 0.00087655 -2.98802e-05 -0.0949259 0.015517 -0.000370724 0.0179742 -0.00239847 0.000267531 
0.0738661 -0.0317675 0.00168094 -0.0132493 0.00214422 -0.000138579 -0.0882619 -0.0196815 0.0019886 0.0197607 -0.00201878 8.32508e-05 0.0143958 0.051449 -0.00366955 -0.0065114 -0.00012544 5.53285e-05 0.0613858 0.0424777 -0.00339135 -0.0165316 0.00117661 -0.000202559 0.0346562 -0.0493786 0.00315751 -0.00248323 0.00118863 -7.3174e-05 -0.096042 0.0069009 0.00023384 0.0190148 -0.00236524 0.000275733 
0.0800555 -0.0242936 0.00111903 -0.0150468 0.002228 -0.000135733 -0.0796408 -0.0262526 0.00238313 0.0184078 -0.00174102 6.29804e-05 -0.000414691 0.0505461 -0.00350216 -0.00336105 -0.000486974 7.27522e-05 0.0475369 0.045782 -0.00351784 -0.0140042 0.00082022 -0.000164276 0.0471912 -0.0443412 0.00271655 -0.00552764 0.00145482 -0.000112387 -0.094728 -0.00144071 0.000801292 0.0195318 -0.00227504 0.000276664 
0.083948 -0.0166092 0.000558711 -0.0163801 0.00225255 -0.000129685 -0.0695022 -0.0318325 0.00269825 0.0166708 -0.00143482 4.22153e-05 -0.0144457 0.0484417 -0.00325696 -0.000290702 -0.000817729 8.74694e-05 0.0332365 0.0477874 -0.00355107 -0.0112643 0.000462024 -0.000123908 0.0579056 -0.0384722 0.00223158 -0.0082748 0.00167106 -0.000146777 -0.0911421 -0.00931512 0.00131949 0.0195391 -0.00213308 0.000270684 
0.0855669 -0.00891474 1.3721e-05 -0.0172405 0.00222031 -0.00012075 -0.0581757 -0.0363352 0.00293033 0.0146127 -0.00110921 2.14923e-05 -0.0273912 0.04525 -0.00294405 0.00262777 -0.0011111 9.92573e-05 0.0188601 0.0485116 -0.00349505 -0.0083898 0.000110907 -8.25562e-05 0.0666305 -0.0319604 0.0017169 -0.0106727 0.00183469 -0.000175754 -0.0854906 -0.0165512 0.00177815 0.0190625 -0.00194559 0.00025831 
0.0849904 -0.00140025 -0.000503294 -0.0176312 0.00213502 -0.000109297 -0.0460029 -0.0397061 0.00307799 0.0123012 -0.000773246 1.31932e-06 -0.0389874 0.0411064 -0.00257469 0.00532997 -0.00136177 0.000107978 0.00476562 0.0480029 -0.00335574 -0.00545801 -0.000224858 -4.1295e-05 0.0732547 -0.0250001 0.00118673 -0.0126807 0.00194449 -0.000198892 -0.0780203 -0.0230028 0.00216902 0.0181387 -0.00171963 0.000240187 
0.0823467 0.00575831 -0.00098103 -0.017567 0.00200149 -9.57401e-05 -0.0333285 -0.041921 0.00314198 0.00980676 -0.00043575 -1.78355e-05 -0.0490182 0.0361627 -0.00216095 0.00776022 -0.00156574 0.000113576 -0.00871418 0.0463373 -0.00314089 -0.00254378 -0.000537782 -1.14073e-06 0.0777247 -0.0177866 0.000654947 -0.0142701 0.00200061 -0.000215929 -0.0690105 -0.0285507 0.00248594 0.0168138 -0.00146283 0.000217069 
0.0778084 0.0124028 -0.00140974 -0.0170729 0.00182552 -8.05224e-05 -0.0204914 -0.0429858 0.0031251 0.00720038 -0.000105118 -3.55534e-05 -0.0573171 0.0305829 -0.00171536 0.0098725 -0.00172041 0.000116076 -0.0212789 0.0436155 -0.00285968 0.000282198 -0.000821314 3.69689e-05 0.0800429 -0.010511 0.000134748 -0.0154238 0.0020045 -0.000226762 -0.058764 -0.0331045 0.00272494 0.0151416 -0.00118318 0.000189793 
0.0715859 0.0183961 -0.00178138 -0.0161833 0.00161364 -6.41061e-05 -0.00781686 -0.042934 0.00303197 0.00455228 0.000210862 -5.14726e-05 -0.063769 0.0245379 -0.00125059 0.0116311 -0.00182451 0.000115579 -0.0326661 0.0399591 -0.0025225 0.00295494 -0.00106995 7.2195e-05 0.0802646 -0.00335586 -0.000361657 -0.0161364 0.0019588 -0.000231448 -0.0475986 -0.0366032 0.00288416 0.0131814 -0.000888842 0.000159253 
0.185306 0.0682632 -0.00596431 -0.0421706 0.00367467 -0.000134965 0.0180123 -0.121203 0.00865882 -0.00338482 0.00167576 -0.000216547 -0.203318 0.0529396 -0.00269451 0.0455554 -0.00535043 0.000351512 -0.126505 0.097972 -0.00688649 0.0254279 -0.00414313 0.00042611 0.219967 0.0115496 -0.000163733 -0.0374279 0.00621601 -0.0012099 -0.0934626 -0.109522 0.00705023 0.0119999 -0.00207288 0.000783791 
0.160332 0.0802836 -0.00668031 -0.0381581 0.00316384 -9.44422e-05 0.0501879 -0.114543 0.00778738 -0.00829757 0.00237385 -0.00022616 -0.21052 0.0342591 -0.00110707 0.0464556 -0.00553769 0.000320602 -0.147719 0.0839278 -0.00534878 0.0254858 -0.00346327 0.000390357 0.210232 0.0317142 -0.00358319 -0.0343719 0.00504909 -0.000670039 -0.0625129 -0.115642 0.00893197 0.00888613 -0.00158582 0.000279682 
0.132655 0.0902908 -0.00720932 -0.0334454 0.00247287 -4.38051e-05 0.0795371 -0.105609 0.00689683 -0.0134825 0.00297551 -0.000245315 -0.212192 0.0153178 0.000312483 0.0469279 -0.00544839 0.00028912 -0.165805 0.0704821 -0.0040031 0.0277291 -0.0039018 0.000445849 0.194854 0.0481924 -0.00495759 -0.0336945 0.00426379 -0.000540498 -0.0290483 -0.118675 0.00896069 0.00596544 -0.000361987 9.46488e-05 
0.102995 0.0978091 -0.00753529 -0.028063 0.00170025 7.04599e-06 0.105532 -0.0947322 0.00593191 -0.0184827 0.00348587 -0.000262333 -0.208527 -0.00307686 0.00160338 0.0465458 -0.00518612 0.000255287 -0.180071 0.0554408 -0.0026841 0.0309756 -0.00439049 0.000507207 0.175701 0.0619842 -0.00576556 -0.0327696 0.0036431 -0.000497274 0.00436962 -0.117425 0.00844965 0.00179405 0.000747384 -9.93312e-06 
0.07218 0.102627 -0.00765517 -0.0221622 0.00089632 5.5055e-05 0.127736 -0.0822331 0.00489216 -0.0230708 0.00389945 -0.000273674 -0.199916 -0.0203935 0.00276301 0.045233 -0.00479577 0.000218619 -0.189789 0.0390101 -0.0013696 0.0342491 -0.00470819 0.000553096 0.153507 0.0734953 -0.00635575 -0.0310008 0.00305831 -0.000459463 0.0362813 -0.112505 0.00772535 -0.0032483 0.00164988 -9.36326e-05 
0.0410524 0.104681 -0.00757474 -0.0159237 9.53368e-05 9.88542e-05 0.145806 -0.0684504 0.00379553 -0.0270967 0.00420961 -0.000278301 -0.186859 -0.0362308 0.00377921 0.0430204 -0.00430494 0.000179447 -0.194565 0.0218506 -8.33995e-05 0.0369643 -0.00483167 0.000579832 0.128836 0.0827962 -0.00678981 -0.0283328 0.00245616 -0.000410415 0.0657287 -0.104647 0.00687321 -0.00863146 0.0023755 -0.000169417 
0.0104271 0.104018 -0.00730601 -0.00953532 -0.000675543 0.000137546 0.159505 -0.053744 0.00266638 -0.0304487 0.00441148 -0.000276044 -0.169932 -0.0502745 0.00463963 0.0399841 -0.00373593 0.000138497 -0.194314 0.00463281 0.00114156 0.0388049 -0.00477848 0.000588014 0.102292 0.0898312 -0.00706702 -0.0248593 0.00182416 -0.000349283 0.0920221 -0.094464 0.00592546 -0.0139457 0.00295432 -0.000238731 
-0.0189333 0.100772 -0.00686584 -0.00318178 -0.0013938 0.000170461 0.168702 -0.0384872 0.00153114 -0.0330439 0.0045029 -0.000267116 -0.149769 -0.0622844 0.0053347 0.0362257 -0.0031091 9.66553e-05 -0.189187 -0.0120492 0.00227426 0.039621 -0.00457241 0.000579205 0.0745332 0.0945277 -0.00717979 -0.0207178 0.00116836 -0.000278611 0.114653 -0.0824785 0.00490553 -0.0189033 0.00340405 -0.000300594 
-0.0463389 0.095146 -0.00627481 0.00296194 -0.00204094 0.000197123 0.173382 -0.0230577 0.000416312 -0.0348255 0.00448461 -0.000251969 -0.127043 -0.0720883 0.0058585 0.0318636 -0.00244367 5.48456e-05 -0.179513 -0.0276898 0.0032885 0.0393683 -0.00423744 0.00055525 0.0462513 0.0968456 -0.00712544 -0.0160606 0.000502588 -0.000201442 0.133262 -0.0691558 0.00383695 -0.0233077 0.00373485 -0.000353808 
-0.0711881 0.0874059 -0.00555639 0.00873659 -0.00260236 0.000217253 0.173637 -0.00782699 -0.000652586 -0.0357624 0.00436026 -0.000231231 -0.102449 -0.0795789 0.00620898 0.0270258 -0.00175789 1.39779e-05 -0.16576 -0.0418705 0.00416353 0.038074 -0.00379716 0.000518149 0.0181399 0.0967967 -0.00690754 -0.0110455 -0.000156415 -0.000120749 0.14762 -0.0549262 0.00274402 -0.0270284 0.00395357 -0.0003974 
-0.0929797 0.0778604 -0.00473601 0.0140032 -0.00306732 0.000230753 0.169664 0.00684925 -0.00165191 -0.0358488 0.00413628 -0.000205671 -0.0766846 -0.0847097 0.00638792 0.0218456 -0.00106896 -2.50827e-05 -0.148492 -0.0542593 0.00488415 0.0358159 -0.00327479 0.000470002 -0.00912722 0.094452 -0.00653525 -0.00583229 -0.000791208 -3.93413e-05 0.15762 -0.0401927 0.0016511 -0.0299836 0.004066 -0.00043066 
-0.11132 0.0668512 -0.00384021 0.0186461 -0.00342876 0.000237704 0.161757 0.0206405 -0.00256055 -0.0351035 0.00382171 -0.000176167 -0.0504372 -0.0874916 0.00640076 0.0164574 -0.00039295 -6.15366e-05 -0.128348 -0.0646081 0.00544059 0.0327074 -0.00269297 0.000412954 -0.0349168 0.0899413 -0.00602245 -0.000578653 -0.00138495 4.01774e-05 0.163265 -0.0253331 0.00058186 -0.0321288 0.00407792 -0.000453131 
-0.125928 0.054739 -0.0028959 0.0225751 -0.00368313 0.000238337 0.150294 0.0332499 -0.00336045 -0.0335686 0.00342778 -0.00014367 -0.0243668 -0.087989 0.00625635 0.0109935 0.000255347 -9.46663e-05 -0.106006 -0.0727505 0.00582823 0.0288853 -0.00207334 0.000349141 -0.0586539 0.0834502 -0.00538687 0.00456274 -0.00192227 0.000115457 0.16466 -0.0106997 -0.000441359 -0.033448 0.00399562 -0.000464598 
-0.136633 0.0418929 -0.00192956 0.0257257 -0.00383014 0.000233021 0.135727 0.0444217 -0.00403707 -0.0313068 0.00296762 -0.000109169 0.000906081 -0.0863146 0.00596663 0.00558111 0.000862517 -0.000123852 -0.0821649 -0.0785966 0.00604725 0.0245004 -0.00143617 0.000280641 -0.0798368 0.0752137 -0.00464925 0.00944839 -0.00238997 0.000184452 0.162002 0.00338294 -0.00139799 -0.0339488 0.00382614 -0.000465093 
-0.143375 0.0286788 -0.000966658 0.0280593 -0.00387236 0.000222242 0.118562 0.0539466 -0.00457961 -0.0283998 0.00245567 -7.36558e-05 0.0248126 -0.0826254 0.00554627 0.000340494 0.00141669 -0.000148586 -0.0575202 -0.082128 0.00610217 0.0197099 -0.000800021 0.000209445 -0.0980492 0.0655074 -0.00383249 0.0139478 -0.00277746 0.000245463 0.155569 0.0166206 -0.00226968 -0.0336577 0.00357748 -0.000454907 
-0.146198 0.0154501 -3.10526e-05 0.0295616 -0.00381497 0.000206582 0.0993522 0.0616665 -0.00498118 -0.0249441 0.00190726 -3.80994e-05 0.046846 -0.0771166 0.00501223 -0.00461756 0.00190771 -0.000168483 -0.0327449 -0.0833901 0.00600137 0.0146703 -0.000181533 0.000137425 -0.112969 0.054638 -0.00296077 0.0179474 -0.00307712 0.000297161 0.145714 0.0287521 -0.0030406 -0.0326177 0.00325866 -0.000434586 
-0.145242 0.00253975 0.000855488 0.0302414 -0.00366528 0.000186701 0.0786724 0.0674761 -0.00523879 -0.0210479 0.00133805 -3.41522e-06 0.06657 -0.0700158 0.0043833 -0.00919347 0.00232723 -0.000183286 -0.00847343 -0.0824851 0.00575652 0.00953284 0.000404695 6.6322e-05 -0.124373 0.0429324 -0.00205875 0.021353 -0.00328442 0.0003386 0.132846 0.0395527 -0.00369777 -0.0308859 0.00287972 -0.000404922 
-0.140734 -0.00974713 0.00167367 0.030128 -0.00343245 0.000163317 0.0571085 0.0713238 -0.00535329 -0.0168274 0.000763559 2.95561e-05 0.0836257 -0.0615766 0.00367962 -0.0133006 0.0026689 -0.000192873 0.0147116 -0.0795637 0.00538208 0.00443918 0.000946174 -2.26793e-06 -0.132141 0.0307267 -0.00115077 0.0240928 -0.00339785 0.000369208 0.117429 0.048837 -0.0042313 -0.028532 0.00245168 -0.00036694 
-0.132976 -0.0211388 0.00240699 0.0292693 -0.00312709 0.000137189 0.0352398 0.0732107 -0.00532911 -0.0124025 0.000198702 6.00671e-05 0.0977363 -0.0520719 0.00292212 -0.0168667 0.00292839 -0.000197256 0.0362907 -0.0748174 0.00489472 -0.000481381 0.00143253 -6.69089e-05 -0.136251 0.0183556 -0.000260166 0.0261178 -0.00341885 0.000388767 0.0999607 0.0564618 -0.00463455 -0.0256364 0.00198632 -0.000321858 
-0.122335 -0.0314016 0.00304195 0.0277287 -0.00276089 0.000109098 0.0136246 0.073188 -0.00517396 -0.00789365 -0.000342608 8.74776e-05 0.10871 -0.0417864 0.00213201 -0.019835 0.0031035 -0.000196575 0.0558154 -0.0684701 0.00431282 -0.00511397 0.00185548 -0.000126335 -0.13678 0.00614263 0.000591384 0.0274027 -0.00335148 0.000397389 0.0809649 0.0623275 -0.00490421 -0.0222887 0.001496 -0.000271055 
-0.109227 -0.0403428 0.00356821 0.0255828 -0.00234629 7.98264e-05 -0.00721348 0.0713528 -0.00489849 -0.00341773 -0.000847802 0.000111264 0.11644 -0.03101 0.00133028 -0.022165 0.00319409 -0.000191091 0.0729149 -0.0607709 0.00365592 -0.00935956 0.00220878 -0.000179459 -0.133892 -0.00560901 0.00138434 0.027945 -0.0032021 0.00039548 0.060977 0.0663799 -0.00504027 -0.0185855 0.000993321 -0.000216021 
-0.0941079 -0.0478132 0.00397863 0.0229184 -0.00189615 5.0146e-05 -0.0267968 0.0678435 -0.00451581 0.000914622 -0.00130593 0.000131026 0.120905 -0.0200303 0.000537176 -0.023833 0.00320207 -0.000181172 0.0872993 -0.0519858 0.00294421 -0.0131358 0.00248819 -0.000225388 -0.12783 -0.0166238 0.00210174 0.027764 -0.00297904 0.000383697 0.0405311 0.0686096 -0.00504596 -0.0146282 0.00049085 -0.000158309 
-0.077458 -0.0537077 0.00426932 0.0198299 -0.00142342 2.0797e-05 -0.0447039 0.0628336 -0.00404105 0.005002 -0.00170785 0.000146487 0.122162 -0.00912592 -0.000228268 -0.0248319 0.00313127 -0.000167284 0.0987618 -0.0423911 0.00219804 -0.0163773 0.00269136 -0.000263428 -0.118909 -0.0266601 0.00272949 0.0268982 -0.00269211 0.000362915 0.0201473 0.0690512 -0.00492753 -0.0105209 7.48223e-07 -9.94871e-05 
-0.0597688 -0.0579656 0.00443946 0.0164166 -0.000940878 -7.52574e-06 -0.060577 0.0565257 -0.00349083 0.00875445 -0.00204637 0.000157495 0.120346 0.00143987 -0.000948627 -0.0251711 0.00298725 -0.000149969 0.107179 -0.0322664 0.00143745 -0.019036 0.00281781 -0.000293091 -0.107498 -0.0355148 0.00325656 0.0254034 -0.00235227 0.000334179 0.000319544 0.0677811 -0.00469402 -0.00636744 -0.000465541 -4.10884e-05 
-0.0415311 -0.0605694 0.00449125 0.01278 -0.000460815 -3.41865e-05 -0.0741277 0.0491444 -0.0028828 0.0120953 -0.00231635 0.000164016 0.115659 0.011425 -0.00160845 -0.0248752 0.00277717 -0.00012983 0.112506 -0.0218878 0.000681761 -0.0210804 0.00286879 -0.0003141 -0.0940112 -0.0430262 0.0036751 0.0233495 -0.00197119 0.000298668 -0.0184951 0.064914 -0.00435686 -0.00226909 -0.000897595 1.5432e-05 
-0.023223 -0.0615427 0.00442964 0.00902112 5.19921e-06 -5.86212e-05 -0.085141 0.0409292 -0.00223508 0.0149624 -0.00251465 0.000166132 0.108364 0.0206135 -0.00219456 -0.0239835 0.00250945 -0.000107511 0.114779 -0.0115223 -5.08735e-05 -0.0224956 0.00284717 -0.000326391 -0.0788931 -0.0490762 0.00398042 0.0208176 -0.00156089 0.000257655 -0.0358863 0.0605985 -0.00392955 0.00167799 -0.00128627 6.87361e-05 
-0.00529918 -0.0609478 0.00426208 0.00523876 0.000446547 -8.03476e-05 -0.093476 0.0321279 -0.00156582 0.0173088 -0.00264011 0.000164026 0.0987751 0.0288198 -0.00269626 -0.0225476 0.00219357 -8.36786e-05 0.114104 -0.00142205 -0.000743793 -0.0232822 0.00275733 -0.000330102 -0.0626056 -0.0535904 0.00417096 0.0178971 -0.0011334 0.000212467 -0.0514986 0.0550124 -0.00342716 0.00538513 -0.00162393 0.000117635 
0.0118192 -0.0588817 0.00399824 0.00152675 0.000853757 -9.8973e-05 -0.099066 0.0229899 -0.00089275 0.0191035 -0.0026935 0.000157977 0.0872468 0.0358918 -0.00310549 -0.0206302 0.00183975 -5.90037e-05 0.110653 0.0081808 -0.00138216 -0.0234557 0.00260501 -0.000325569 -0.0456154 -0.0565374 0.00424809 0.0146825 -0.00070043 0.000164454 -0.065038 0.0483566 -0.00286593 0.00877322 -0.00190458 0.000161116 
0.0277526 -0.0554724 0.00364961 -0.00202774 0.00121867 -0.0001142 -0.101916 0.0137593 -0.000232727 0.0203308 -0.00267733 0.000148343 0.0741634 0.0417131 -0.00341688 -0.0183031 0.00145866 -3.41434e-05 0.104658 0.0170781 -0.00195321 -0.0230448 0.00239709 -0.00031331 -0.0283816 -0.0579272 0.00421594 0.0112704 -0.000273136 0.000114953 -0.076276 0.040849 -0.00226274 0.0117744 -0.00212395 0.000198357 
0.0421708 -0.0508739 0.00322918 -0.00534593 0.00153457 -0.000125828 -0.102099 0.0046698 0.0003986 0.0209901 -0.00259569 0.000135553 0.0599279 0.0462041 -0.00362778 -0.0156442 0.00106112 -9.7256e-06 0.0963975 0.0250896 -0.00244646 -0.0220908 0.00214144 -0.000294004 -0.0113449 -0.0578079 0.00408114 0.00775716 0.00013815 6.52607e-05 -0.0850526 0.0327183 -0.00163468 0.0143337 -0.00227959 0.000228744 
0.0547974 -0.0452613 0.00275104 -0.00835889 0.00179627 -0.000133755 -0.0997489 -0.00406091 0.000987128 0.0210952 -0.00245411 0.000120089 0.0449515 0.0493222 -0.00373817 -0.0127363 0.000657838 1.36661e-05 0.0861941 0.0320657 -0.00285385 -0.0206455 0.00184667 -0.000268473 0.00508278 -0.0562629 0.00385247 0.00423614 0.0005241 1.66049e-05 -0.0912768 0.0241973 -0.000998616 0.0164094 -0.00237077 0.000251868 
0.0654149 -0.0388254 0.00222994 -0.0110087 0.00200016 -0.000137977 -0.0950572 -0.0122357 0.00152056 0.0206726 -0.00225925 0.000102473 0.0296423 0.0510611 -0.0037505 -0.00966385 0.000259099 3.55044e-05 0.0743993 0.0378893 -0.00316983 -0.0187698 0.00152192 -0.000237651 0.0205266 -0.0534063 0.00354055 0.000795589 0.00087655 -2.98802e-05 -0.0949259 0.015517 -0.000370724 0.0179742 -0.00239847 0.000267531 
0.0738661 -0.0317675 0.00168094 -0.0132493 0.00214422 -0.000138579 -0.0882619 -0.0196815 0.0019886 0.0197607 -0.00201878 8.32508e-05 0.0143958 0.051449 -0.00366955 -0.0065114 -0.00012544 5.53285e-05 0.0613858 0.0424777 -0.00339135 -0.0165316 0.00117661 -0.000202559 0.0346562 -0.0493786 0.00315751 -0.00248323 0.00118863 -7.3174e-05 -0.096042 0.0069009 0.00023384 0.0190148 -0.00236524 0.000275733 
0.0800555 -0.0242936 0.00111903 -0.0150468 0.002228 -0.000135733 -0.0796408 -0.0262526 0.00238313 0.0184078 -0.00174102 6.29804e-05 -0.000414691 0.0505461 -0.00350216 -0.00336105 -0.000486974 7.27522e-05 0.0475369 0.045782 -0.00351784 -0.0140042 0.00082022 -0.000164276 0.0471912 -0.0443412 0.00271655 -0.00552764 0.00145482 -0.000112387 -0.094728 -0.00144071 0.000801292 0.0195318 -0.00227504 0.000276664 
0.083948 -0.0166092 0.000558711 -0.0163801 0.00225255 -0.000129685 -0.0695022 -0.0318325 0.00269825 0.0166708 -0.00143482 4.22153e-05 -0.0144457 0.0484417 -0.00325696 -0.000290702 -0.000817729 8.74694e-05 0.0332365 0.0477874 -0.00355107 -0.0112643 0.000462024 -0.000123908 0.0579056 -0.0384722 0.00223158 -0.0082748 0.00167106 -0.000146777 -0.0911421 -0.00931512 0.00131949 0.0195391 -0.00213308 0.000270684 
0.0855669 -0.00891474 1.3721e-05 -0.0172405 0.00222031 -0.00012075 -0.0581757 -0.0363352 0.00293033 0.0146127 -0.00110921 2.14923e-05 -0.0273912 0.04525 -0.00294405 0.00262777 -0.0011111 9.92573e-05 0.0188601 0.0485116 -0.00349505 -0.0083898 0.000110907 -8.25562e-05 0.0666305 -0.0319604 0.0017169 -0.0106727 0.00183469 -0.000175754 -0.0854906 -0.0165512 0.00177815 0.0190625 -0.00194559 0.00025831 
0.0849904 -0.00140025 -0.000503294 -0.0176312 0.00213502 -0.000109297 -0.0460029 -0.0397061 0.00307799 0.0123012 -0.000773246 1.31932e-06 -0.0389874 0.0411064 -0.00257469 0.00532997 -0.00136177 0.000107978 0.00476562 0.0480029 -0.00335574 -0.00545801 -0.000224858 -4.1295e-05 0.0732547 -0.0250001 0.00118673 -0.0126807 0.00194449 -0.000198892 -0.0780203 -0.0230028 0.00216902 0.0181387 -0.00171963 0.000240187 
0.0823467 0.00575831 -0.00098103 -0.017567 0.00200149 -9.57401e-05 -0.0333285 -0.041921 0.00314198 0.00980676 -0.00043575 -1.78355e-05 -0.0490182 0.0361627 -0.00216095 0.00776022 -0.00156574 0.000113576 -0.00871418 0.0463373 -0.00314089 -0.00254378 -0.000537782 -1.14073e-06 0.0777247 -0.0177866 0.000654947 -0.0142701 0.00200061 -0.000215929 -0.0690105 -0.0285507 0.00248594 0.0168138 -0.00146283 0.000217069 
0.0778084 0.0124028 -0.00140974 -0.0170729 0.00182552 -8.05224e-05 -0.0204914 -0.0429858 0.0031251 0.00720038 -0.000105118 -3.55534e-05 -0.0573171 0.0305829 -0.00171536 0.0098725 -0.00172041 0.000116076 -0.0212789 0.0436155 -0.00285968 0.000282198 -0.000821314 3.69689e-05 0.0800429 -0.010511 0.000134748 -0.0154238 0.0020045 -0.000226762 -0.058764 -0.0331045 0.00272494 0.0151416 -0.00118318 0.000189793 
0.0715859 0.0183961 -0.00178138 -0.0161833 0.00161364 -6.41061e-05 -0.00781686 -0.042934 0.00303197 0.00455228 0.000210862 -5.14726e-05 -0.063769 0.0245379 -0.00125059 0.0116311 -0.00182451 0.000115579 -0.0326661 0.0399591 -0.0025225 0.00295494 -0.00106995 7.2195e-05 0.0802646 -0.00335586 -0.000361657 -0.0161364 0.0019588 -0.000231448 -0.0475986 -0.0366032 0.00288416 0.0131814 -0.000888842 0.000159253 
