43 5.19615 69.282 36.5224 -1.19983e-14 91.6788 0 0 0 0 0 0 -3 -5.19615 4.18544e-16 -6.7082 8.37088e-16 -2.23607 0.477465 0.826993 -6.66134e-17 1.06764 -1.33227e-16 0.355881 0 0 0 0 0 0 -0.477465 -0.826993 6.66134e-17 -1.06764 1.33227e-16 -0.355881 
-5.19615 49 -9.67385e-15 3.87298 69.282 -3.87298 0 0 0 0 0 0 5.19615 9 -8.37088e-16 11.619 -1.67418e-15 3.87298 -0.826993 1.43239 2.36717e-16 0.616404 -1.26939e-16 -0.616404 0 0 0 0 0 0 0.826993 1.43239 -1.33227e-16 1.84921 -2.66454e-16 0.616404 
-69.282 2.44616e-14 123 -51.6398 5.19615 51.6398 0 0 0 0 0 0 4.18544e-16 5.58059e-16 -3 1.11612e-15 -5.19615 0 -6.66134e-17 -1.33227e-16 0.477465 -2.22045e-16 0.826993 -4.44089e-17 0 0 0 0 0 0 6.66134e-17 8.88178e-17 -0.477465 1.77636e-16 -0.826993 0 
36.5224 -3.87298 51.6398 55 -7.33543e-15 71.6667 0 0 0 0 0 0 -6.7082 -11.619 1.39515e-15 -15 2.23224e-15 -5 1.06764 -0.616404 -1.77636e-16 2.38732 1.67679e-17 0.795775 0 0 0 0 0 0 -1.06764 -1.84921 2.22045e-16 -2.38732 3.55271e-16 -0.795775 
1.22189e-15 -69.282 -5.19615 -5.23571e-15 129 -1.78315e-14 0 0 0 0 0 0 -8.37088e-16 -1.67418e-15 5.19615 -2.23224e-15 9 -5.58059e-16 7.60453e-17 -2.66454e-16 -0.826993 -1.22747e-16 1.43239 4.19198e-18 0 0 0 0 0 0 -1.33227e-16 -2.66454e-16 0.826993 -3.55271e-16 1.43239 -8.88178e-17 
91.6788 3.87298 -51.6398 71.6667 5.39457e-15 203 0 0 0 0 0 0 -2.23607 -3.87298 2.79029e-16 -5 5.58059e-16 -3 0.355881 0.616404 0 0.795775 -8.88178e-17 0.477465 0 0 0 0 0 0 -0.355881 -0.616404 4.44089e-17 -0.795775 8.88178e-17 -0.477465 
-3 -5.19615 4.18544e-16 -6.7082 8.37088e-16 -2.23607 43 5.19615 69.282 36.5224 -1.19983e-14 91.6788 0 0 0 0 0 0 -0.477465 -0.826993 6.66134e-17 -1.06764 1.33227e-16 -0.355881 0.477465 0.826993 -6.66134e-17 1.06764 -1.33227e-16 0.355881 0 0 0 0 0 0 
5.19615 9 -8.37088e-16 11.619 -1.67418e-15 3.87298 -5.19615 49 -9.67385e-15 3.87298 69.282 -3.87298 0 0 0 0 0 0 0.826993 1.43239 -1.33227e-16 1.84921 -2.66454e-16 0.616404 -0.826993 1.43239 2.36717e-16 0.616404 -1.26939e-16 -0.616404 0 0 0 0 0 0 
4.18544e-16 5.58059e-16 -3 1.11612e-15 -5.19615 0 -69.282 2.44616e-14 123 -51.6398 5.19615 51.6398 0 0 0 0 0 0 6.66134e-17 8.88178e-17 -0.477465 1.77636e-16 -0.826993 0 -6.66134e-17 -1.33227e-16 0.477465 -2.22045e-16 0.826993 -4.44089e-17 0 0 0 0 0 0 
-6.7082 -11.619 1.39515e-15 -15 2.23224e-15 -5 36.5224 -3.87298 51.6398 55 -7.33543e-15 71.6667 0 0 0 0 0 0 -1.06764 -1.84921 2.22045e-16 -2.38732 3.55271e-16 -0.795775 1.06764 -0.616404 -1.77636e-16 2.38732 1.67679e-17 0.795775 0 0 0 0 0 0 
-8.37088e-16 -1.67418e-15 5.19615 -2.23224e-15 9 -5.58059e-16 1.22189e-15 -69.282 -5.19615 -5.23571e-15 129 -1.78315e-14 0 0 0 0 0 0 -1.33227e-16 -2.66454e-16 0.826993 -3.55271e-16 1.43239 -8.88178e-17 7.60453e-17 -2.66454e-16 -0.826993 -1.22747e-16 1.43239 4.19198e-18 0 0 0 0 0 0 
-2.23607 -3.87298 2.79029e-16 -5 5.58059e-16 -3 91.6788 3.87298 -51.6398 71.6667 5.39457e-15 203 0 0 0 0 0 0 -0.355881 -0.616404 4.44089e-17 -0.795775 8.88178e-17 -0.477465 0.355881 0.616404 0 0.795775 -8.88178e-17 0.477465 0 0 0 0 0 0 
0 0 0 0 0 0 -3 -5.19615 4.18544e-16 -6.7082 8.37088e-16 -2.23607 43 5.19615 69.282 36.5224 -1.19983e-14 91.6788 0 0 0 0 0 0 -0.477465 -0.826993 6.66134e-17 -1.06764 1.33227e-16 -0.355881 0.477465 0.826993 -6.66134e-17 1.06764 -1.33227e-16 0.355881 
0 0 0 0 0 0 5.19615 9 -8.37088e-16 11.619 -1.67418e-15 3.87298 -5.19615 49 -9.67385e-15 3.87298 69.282 -3.87298 0 0 0 0 0 0 0.826993 1.43239 -1.33227e-16 1.84921 -2.66454e-16 0.616404 -0.826993 1.43239 2.36717e-16 0.616404 -1.26939e-16 -0.616404 
0 0 0 0 0 0 4.18544e-16 5.58059e-16 -3 1.11612e-15 -5.19615 0 -69.282 2.44616e-14 123 -51.6398 5.19615 51.6398 0 0 0 0 0 0 6.66134e-17 8.88178e-17 -0.477465 1.77636e-16 -0.826993 0 -6.66134e-17 -1.33227e-16 0.477465 -2.22045e-16 0.826993 -4.44089e-17 
0 0 0 0 0 0 -6.7082 -11.619 1.39515e-15 -15 2.23224e-15 -5 36.5224 -3.87298 51.6398 55 -7.33543e-15 71.6667 0 0 0 0 0 0 -1.06764 -1.84921 2.22045e-16 -2.38732 3.55271e-16 -0.795775 1.06764 -0.616404 -1.77636e-16 2.38732 1.67679e-17 0.795775 
0 0 0 0 0 0 -8.37088e-16 -1.67418e-15 5.19615 -2.23224e-15 9 -5.58059e-16 1.22189e-15 -69.282 -5.19615 -5.23571e-15 129 -1.78315e-14 0 0 0 0 0 0 -1.33227e-16 -2.66454e-16 0.826993 -3.55271e-16 1.43239 -8.88178e-17 7.60453e-17 -2.66454e-16 -0.826993 -1.22747e-16 1.43239 4.19198e-18 
0 0 0 0 0 0 -2.23607 -3.87298 2.79029e-16 -5 5.58059e-16 -3 91.6788 3.87298 -51.6398 71.6667 5.39457e-15 203 0 0 0 0 0 0 -0.355881 -0.616404 4.44089e-17 -0.795775 8.88178e-17 -0.477465 0.355881 0.616404 0 0.795775 -8.88178e-17 0.477465 
0.477465 0.826993 -6.66134e-17 1.06764 -1.33227e-16 0.355881 0 0 0 0 0 0 -0.477465 -0.826993 6.66134e-17 -1.06764 1.33227e-16 -0.355881 2.0892 0.13162 1.75493 1.67048 -3.73677e-16 3.06761 0 0 0 0 0 0 -0.0759909 -0.13162 1.06018e-17 -0.169921 2.12037e-17 -0.0566403 
-0.826993 1.43239 2.36717e-16 0.616404 -1.26939e-16 -0.616404 0 0 0 0 0 0 0.826993 1.43239 -1.33227e-16 1.84921 -2.66454e-16 0.616404 -0.13162 2.24118 -2.45041e-16 0.0981038 1.75493 -0.0981038 0 0 0 0 0 0 0.13162 0.227973 -2.12037e-17 0.294311 -4.24074e-17 0.0981038 
-6.66134e-17 -1.33227e-16 0.477465 -2.22045e-16 0.826993 -4.44089e-17 0 0 0 0 0 0 6.66134e-17 8.88178e-17 -0.477465 1.77636e-16 -0.826993 0 -1.75493 6.19619e-16 4.11563 -1.30805 0.13162 1.30805 0 0 0 0 0 0 1.06018e-17 1.41358e-17 -0.0759909 2.82716e-17 -0.13162 0 
1.06764 -0.616404 -1.77636e-16 2.38732 1.67679e-17 0.795775 0 0 0 0 0 0 -1.06764 -1.84921 2.22045e-16 -2.38732 3.55271e-16 -0.795775 1.67048 -0.0981038 1.30805 2.39317 -3.02071e-16 2.37089 0 0 0 0 0 0 -0.169921 -0.294311 3.53395e-17 -0.379954 5.65432e-17 -0.126651 
7.60453e-17 -2.66454e-16 -0.826993 -1.22747e-16 1.43239 4.19198e-18 0 0 0 0 0 0 -1.33227e-16 -2.66454e-16 0.826993 -3.55271e-16 1.43239 -8.88178e-17 -3.88066e-17 -1.75493 -0.13162 -1.79127e-16 4.26761 -4.98183e-16 0 0 0 0 0 0 -2.12037e-17 -4.24074e-17 0.13162 -5.65432e-17 0.227973 -1.41358e-17 
0.355881 0.616404 0 0.795775 -8.88178e-17 0.477465 0 0 0 0 0 0 -0.355881 -0.616404 4.44089e-17 -0.795775 8.88178e-17 -0.477465 3.06761 0.0981038 -1.30805 2.37089 2.03838e-17 6.14205 0 0 0 0 0 0 -0.0566403 -0.0981038 7.0679e-18 -0.126651 1.41358e-17 -0.0759909 
-0.477465 -0.826993 6.66134e-17 -1.06764 1.33227e-16 -0.355881 0.477465 0.826993 -6.66134e-17 1.06764 -1.33227e-16 0.355881 0 0 0 0 0 0 -0.0759909 -0.13162 1.06018e-17 -0.169921 2.12037e-17 -0.0566403 2.0892 0.13162 1.75493 1.67048 -3.73677e-16 3.06761 0 0 0 0 0 0 
0.826993 1.43239 -1.33227e-16 1.84921 -2.66454e-16 0.616404 -0.826993 1.43239 2.36717e-16 0.616404 -1.26939e-16 -0.616404 0 0 0 0 0 0 0.13162 0.227973 -2.12037e-17 0.294311 -4.24074e-17 0.0981038 -0.13162 2.24118 -2.45041e-16 0.0981038 1.75493 -0.0981038 0 0 0 0 0 0 
6.66134e-17 8.88178e-17 -0.477465 1.77636e-16 -0.826993 0 -6.66134e-17 -1.33227e-16 0.477465 -2.22045e-16 0.826993 -4.44089e-17 0 0 0 0 0 0 1.06018e-17 1.41358e-17 -0.0759909 2.82716e-17 -0.13162 0 -1.75493 6.19619e-16 4.11563 -1.30805 0.13162 1.30805 0 0 0 0 0 0 
-1.06764 -1.84921 2.22045e-16 -2.38732 3.55271e-16 -0.795775 1.06764 -0.616404 -1.77636e-16 2.38732 1.67679e-17 0.795775 0 0 0 0 0 0 -0.169921 -0.294311 3.53395e-17 -0.379954 5.65432e-17 -0.126651 1.67048 -0.0981038 1.30805 2.39317 -3.02071e-16 2.37089 0 0 0 0 0 0 
-1.33227e-16 -2.66454e-16 0.826993 -3.55271e-16 1.43239 -8.88178e-17 7.60453e-17 -2.66454e-16 -0.826993 -1.22747e-16 1.43239 4.19198e-18 0 0 0 0 0 0 -2.12037e-17 -4.24074e-17 0.13162 -5.65432e-17 0.227973 -1.41358e-17 -3.88066e-17 -1.75493 -0.13162 -1.79127e-16 4.26761 -4.98183e-16 0 0 0 0 0 0 
-0.355881 -0.616404 4.44089e-17 -0.795775 8.88178e-17 -0.477465 0.355881 0.616404 0 0.795775 -8.88178e-17 0.477465 0 0 0 0 0 0 -0.0566403 -0.0981038 7.0679e-18 -0.126651 1.41358e-17 -0.0759909 3.06761 0.0981038 -1.30805 2.37089 2.03838e-17 6.14205 0 0 0 0 0 0 
0 0 0 0 0 0 -0.477465 -0.826993 6.66134e-17 -1.06764 1.33227e-16 -0.355881 0.477465 0.826993 -6.66134e-17 1.06764 -1.33227e-16 0.355881 0 0 0 0 0 0 -0.0759909 -0.13162 1.06018e-17 -0.169921 2.12037e-17 -0.0566403 2.0892 0.13162 1.75493 1.67048 -3.73677e-16 3.06761 
0 0 0 0 0 0 0.826993 1.43239 -1.33227e-16 1.84921 -2.66454e-16 0.616404 -0.826993 1.43239 2.36717e-16 0.616404 -1.26939e-16 -0.616404 0 0 0 0 0 0 0.13162 0.227973 -2.12037e-17 0.294311 -4.24074e-17 0.0981038 -0.13162 2.24118 -2.45041e-16 0.0981038 1.75493 -0.0981038 
0 0 0 0 0 0 6.66134e-17 8.88178e-17 -0.477465 1.77636e-16 -0.826993 0 -6.66134e-17 -1.33227e-16 0.477465 -2.22045e-16 0.826993 -4.44089e-17 0 0 0 0 0 0 1.06018e-17 1.41358e-17 -0.0759909 2.82716e-17 -0.13162 0 -1.75493 6.19619e-16 4.11563 -1.30805 0.13162 1.30805 
0 0 0 0 0 0 -1.06764 -1.84921 2.22045e-16 -2.38732 3.55271e-16 -0.795775 1.06764 -0.616404 -1.77636e-16 2.38732 1.67679e-17 0.795775 0 0 0 0 0 0 -0.169921 -0.294311 3.53395e-17 -0.379954 5.65432e-17 -0.126651 1.67048 -0.0981038 1.30805 2.39317 -3.02071e-16 2.37089 
0 0 0 0 0 0 -1.33227e-16 -2.66454e-16 0.826993 -3.55271e-16 1.43239 -8.88178e-17 7.60453e-17 -2.66454e-16 -0.826993 -1.22747e-16 1.43239 4.19198e-18 0 0 0 0 0 0 -2.12037e-17 -4.24074e-17 0.13162 -5.65432e-17 0.227973 -1.41358e-17 -3.88066e-17 -1.75493 -0.13162 -1.79127e-16 4.26761 -4.98183e-16 
0 0 0 0 0 0 -0.355881 -0.616404 4.44089e-17 -0.795775 8.88178e-17 -0.477465 0.355881 0.616404 0 0.795775 -8.88178e-17 0.477465 0 0 0 0 0 0 -0.0566403 -0.0981038 7.0679e-18 -0.126651 1.41358e-17 -0.0759909 3.06761 0.0981038 -1.30805 2.37089 2.03838e-17 6.14205 
