0.041291 -0.00287967 -0.0112045 -0.0327975 0.00192217 -0.00439847 7.29086e-05 -7.74837e-05 2.49321e-05 -0.000141676 4.51278e-05 -5.40939e-07 0.000284568 -0.00173867 0.000354263 -0.00197503 0.000248913 0.00020638 -0.0158499 -0.0134651 -0.000938942 0.0288671 0.00707689 -0.00134048 0.000161864 -0.000355823 0.000109667 -0.000448009 0.000156436 1.59837e-05 -0.000839211 -0.00723331 0.000829275 -0.00624545 -0.000426694 0.00132449 
0.00287967 0.0111894 -0.000499328 -0.00306471 -0.00602963 0.000119428 7.74837e-05 -0.000270316 6.11402e-05 -0.000337372 5.79232e-05 2.76281e-05 0.00173867 -0.00141706 0.000438188 -0.00289803 0.00102004 -0.000147056 0.0103055 -0.00643532 -0.00222148 -0.00969124 0.00483147 0.000296542 -2.39041e-05 -0.00114349 0.000174796 -0.00106684 3.27604e-05 0.000188405 0.00456761 -0.00669895 0.00204668 -0.00916418 0.00386478 -0.000484948 
0.0112045 -0.000499328 0.00016786 -0.000846526 0.000248653 -0.00481113 -2.49321e-05 6.11402e-05 -1.52251e-05 8.30912e-05 -1.74043e-05 -5.29677e-06 -0.000354263 0.000438188 -0.000152635 0.000763435 -0.000231249 -2.47982e-05 0.000672787 -0.00225156 0.000715706 -0.00267689 0.000790762 0.000296607 -1.8186e-05 0.000262867 -5.00136e-05 0.000262752 -2.95932e-05 -3.89911e-05 -0.000654601 0.0019887 -0.000665692 0.00241414 -0.000761168 -0.000257616 
-0.0327975 0.00306471 0.000846526 0.0417896 -0.00163645 7.8923e-05 -0.000141676 0.000337372 -8.30912e-05 0.000461099 -9.76869e-05 -2.71706e-05 -0.00197503 0.00289803 -0.000763435 0.0045916 -0.00123921 -5.17524e-05 0.0260436 0.0139278 0.0031559 -0.0457267 -0.00542207 0.00100033 -0.000119103 0.00145212 -0.000272202 0.00145809 -0.000171799 -0.000202734 -0.00375083 0.0128672 -0.0028837 0.0145196 -0.00353818 -0.000797595 
0.00192217 0.00602963 -0.000248653 -0.00163645 0.00451919 -0.000119012 4.51278e-05 -5.79232e-05 1.74043e-05 -9.76869e-05 2.85195e-05 1.28288e-06 0.000248913 -0.00102004 0.000231249 -0.00123921 0.000197093 0.000117729 0.00717677 -0.00511879 -0.000719174 -0.00517481 0.000649691 -0.000805703 8.93463e-05 -0.000260867 7.17358e-05 -0.000308906 9.00556e-05 1.98153e-05 -0.000258008 -0.00429386 0.000647438 -0.00391865 1.28878e-05 0.000785888 
-0.00439847 -0.000119428 0.00481113 7.8923e-05 -0.000119012 0.00565737 -5.40939e-07 -2.76281e-05 5.29677e-06 -2.71706e-05 1.28288e-06 4.49193e-06 0.00020638 0.000147056 2.47982e-05 -5.17524e-05 0.000117729 -3.68609e-05 -0.000735454 -0.000362998 -0.000329346 0.000249571 -0.000730956 0.000127819 -3.15511e-05 -0.000112312 9.52987e-06 -8.59192e-05 -2.05569e-05 2.7346e-05 0.000767005 0.00047531 0.000319816 -0.000163652 0.000751513 -0.000155165 
0.000284568 -0.00173867 0.000354263 -0.00197503 0.000248913 0.00020638 0.041291 -0.00287967 -0.0112045 -0.0327975 0.00192217 -0.00439847 7.29086e-05 -7.74837e-05 2.49321e-05 -0.000141676 4.51278e-05 -5.40939e-07 -0.000839211 -0.00723331 0.000829275 -0.00624545 -0.000426694 0.00132449 -0.0158499 -0.0134651 -0.000938942 0.0288671 0.00707689 -0.00134048 0.000161864 -0.000355823 0.000109667 -0.000448009 0.000156436 1.59837e-05 
0.00173867 -0.00141706 0.000438188 -0.00289803 0.00102004 -0.000147056 0.00287967 0.0111894 -0.000499328 -0.00306471 -0.00602963 0.000119428 7.74837e-05 -0.000270316 6.11402e-05 -0.000337372 5.79232e-05 2.76281e-05 0.00456761 -0.00669895 0.00204668 -0.00916418 0.00386478 -0.000484948 0.0103055 -0.00643532 -0.00222148 -0.00969124 0.00483147 0.000296542 -2.39041e-05 -0.00114349 0.000174796 -0.00106684 3.27604e-05 0.000188405 
-0.000354263 0.000438188 -0.000152635 0.000763435 -0.000231249 -2.47982e-05 0.0112045 -0.000499328 0.00016786 -0.000846526 0.000248653 -0.00481113 -2.49321e-05 6.11402e-05 -1.52251e-05 8.30912e-05 -1.74043e-05 -5.29677e-06 -0.000654601 0.0019887 -0.000665692 0.00241414 -0.000761168 -0.000257616 0.000672787 -0.00225156 0.000715706 -0.00267689 0.000790762 0.000296607 -1.8186e-05 0.000262867 -5.00136e-05 0.000262752 -2.95932e-05 -3.89911e-05 
-0.00197503 0.00289803 -0.000763435 0.0045916 -0.00123921 -5.17524e-05 -0.0327975 0.00306471 0.000846526 0.0417896 -0.00163645 7.8923e-05 -0.000141676 0.000337372 -8.30912e-05 0.000461099 -9.76869e-05 -2.71706e-05 -0.00375083 0.0128672 -0.0028837 0.0145196 -0.00353818 -0.000797595 0.0260436 0.0139278 0.0031559 -0.0457267 -0.00542207 0.00100033 -0.000119103 0.00145212 -0.000272202 0.00145809 -0.000171799 -0.000202734 
0.000248913 -0.00102004 0.000231249 -0.00123921 0.000197093 0.000117729 0.00192217 0.00602963 -0.000248653 -0.00163645 0.00451919 -0.000119012 4.51278e-05 -5.79232e-05 1.74043e-05 -9.76869e-05 2.85195e-05 1.28288e-06 -0.000258008 -0.00429386 0.000647438 -0.00391865 1.28878e-05 0.000785888 0.00717677 -0.00511879 -0.000719174 -0.00517481 0.000649691 -0.000805703 8.93463e-05 -0.000260867 7.17358e-05 -0.000308906 9.00556e-05 1.98153e-05 
0.00020638 0.000147056 2.47982e-05 -5.17524e-05 0.000117729 -3.68609e-05 -0.00439847 -0.000119428 0.00481113 7.8923e-05 -0.000119012 0.00565737 -5.40939e-07 -2.76281e-05 5.29677e-06 -2.71706e-05 1.28288e-06 4.49193e-06 0.000767005 0.00047531 0.000319816 -0.000163652 0.000751513 -0.000155165 -0.000735454 -0.000362998 -0.000329346 0.000249571 -0.000730956 0.000127819 -3.15511e-05 -0.000112312 9.52987e-06 -8.59192e-05 -2.05569e-05 2.7346e-05 
7.29086e-05 -7.74837e-05 2.49321e-05 -0.000141676 4.51278e-05 -5.40939e-07 0.000284568 -0.00173867 0.000354263 -0.00197503 0.000248913 0.00020638 0.041291 -0.00287967 -0.0112045 -0.0327975 0.00192217 -0.00439847 0.000161864 -0.000355823 0.000109667 -0.000448009 0.000156436 1.59837e-05 -0.000839211 -0.00723331 0.000829275 -0.00624545 -0.000426694 0.00132449 -0.0158499 -0.0134651 -0.000938942 0.0288671 0.00707689 -0.00134048 
7.74837e-05 -0.000270316 6.11402e-05 -0.000337372 5.79232e-05 2.76281e-05 0.00173867 -0.00141706 0.000438188 -0.00289803 0.00102004 -0.000147056 0.00287967 0.0111894 -0.000499328 -0.00306471 -0.00602963 0.000119428 -2.39041e-05 -0.00114349 0.000174796 -0.00106684 3.27604e-05 0.000188405 0.00456761 -0.00669895 0.00204668 -0.00916418 0.00386478 -0.000484948 0.0103055 -0.00643532 -0.00222148 -0.00969124 0.00483147 0.000296542 
-2.49321e-05 6.11402e-05 -1.52251e-05 8.30912e-05 -1.74043e-05 -5.29677e-06 -0.000354263 0.000438188 -0.000152635 0.000763435 -0.000231249 -2.47982e-05 0.0112045 -0.000499328 0.00016786 -0.000846526 0.000248653 -0.00481113 -1.8186e-05 0.000262867 -5.00136e-05 0.000262752 -2.95932e-05 -3.89911e-05 -0.000654601 0.0019887 -0.000665692 0.00241414 -0.000761168 -0.000257616 0.000672787 -0.00225156 0.000715706 -0.00267689 0.000790762 0.000296607 
-0.000141676 0.000337372 -8.30912e-05 0.000461099 -9.76869e-05 -2.71706e-05 -0.00197503 0.00289803 -0.000763435 0.0045916 -0.00123921 -5.17524e-05 -0.0327975 0.00306471 0.000846526 0.0417896 -0.00163645 7.8923e-05 -0.000119103 0.00145212 -0.000272202 0.00145809 -0.000171799 -0.000202734 -0.00375083 0.0128672 -0.0028837 0.0145196 -0.00353818 -0.000797595 0.0260436 0.0139278 0.0031559 -0.0457267 -0.00542207 0.00100033 
4.51278e-05 -5.79232e-05 1.74043e-05 -9.76869e-05 2.85195e-05 1.28288e-06 0.000248913 -0.00102004 0.000231249 -0.00123921 0.000197093 0.000117729 0.00192217 0.00602963 -0.000248653 -0.00163645 0.00451919 -0.000119012 8.93463e-05 -0.000260867 7.17358e-05 -0.000308906 9.00556e-05 1.98153e-05 -0.000258008 -0.00429386 0.000647438 -0.00391865 1.28878e-05 0.000785888 0.00717677 -0.00511879 -0.000719174 -0.00517481 0.000649691 -0.000805703 
-5.40939e-07 -2.76281e-05 5.29677e-06 -2.71706e-05 1.28288e-06 4.49193e-06 0.00020638 0.000147056 2.47982e-05 -5.17524e-05 0.000117729 -3.68609e-05 -0.00439847 -0.000119428 0.00481113 7.8923e-05 -0.000119012 0.00565737 -3.15511e-05 -0.000112312 9.52987e-06 -8.59192e-05 -2.05569e-05 2.7346e-05 0.000767005 0.00047531 0.000319816 -0.000163652 0.000751513 -0.000155165 -0.000735454 -0.000362998 -0.000329346 0.000249571 -0.000730956 0.000127819 
-0.0158499 -0.0103055 -0.000672787 0.0260436 0.00717677 -0.000735454 0.000161864 2.39041e-05 1.8186e-05 -0.000119103 8.93463e-05 -3.15511e-05 -0.000839211 -0.00456761 0.000654601 -0.00375083 -0.000258008 0.000767005 1.11415 -0.0484803 -0.299951 -0.750667 0.0268618 -0.207034 0.000567118 8.21636e-06 0.000176792 -0.000376628 0.00048409 -0.000149679 -0.00733657 -0.0181056 6.4235e-05 -0.0118609 -0.00582193 0.0043975 
0.0134651 -0.00643532 -0.00225156 -0.0139278 0.00511879 0.000362998 0.000355823 -0.00114349 0.000262867 -0.00145212 0.000260867 0.000112312 0.00723331 -0.00669895 0.0019887 -0.0128672 0.00429386 -0.00047531 0.0484803 0.329381 -0.00963641 -0.0440427 -0.136458 0.000399595 -8.21636e-06 -0.00485277 0.000773133 -0.00459192 0.000220242 0.000776776 0.0181056 -0.0311489 0.00886328 -0.0406888 0.0155471 -0.00117637 
0.000938942 -0.00222148 0.000715706 -0.0031559 0.000719174 0.000329346 -0.000109667 0.000174796 -5.00136e-05 0.000272202 -7.17358e-05 -9.52987e-06 -0.000829275 0.00204668 -0.000665692 0.0028837 -0.000647438 -0.000319816 0.299951 -0.00963641 0.0674063 -0.00997962 0.00152271 -0.160346 -0.000176792 0.000773133 -0.000193046 0.000860761 -0.000197902 -8.80805e-05 -6.4235e-05 0.00886328 -0.00255414 0.00911886 -0.00132481 -0.00227326 
0.0288671 0.00969124 0.00267689 -0.0457267 -0.00517481 0.000249571 -0.000448009 0.00106684 -0.000262752 0.00145809 -0.000308906 -8.59192e-05 -0.00624545 0.00916418 -0.00241414 0.0145196 -0.00391865 -0.000163652 -0.750667 0.0440427 0.00997962 0.97302 -0.0171457 0.00316325 -0.000376628 0.00459192 -0.000860761 0.00461079 -0.000543265 -0.000641086 -0.0118609 0.0406888 -0.00911886 0.0459141 -0.0111885 -0.00252216 
0.00707689 -0.00483147 -0.000790762 -0.00542207 0.000649691 -0.000730956 0.000156436 -3.27604e-05 2.95932e-05 -0.000171799 9.00556e-05 -2.05569e-05 -0.000426694 -0.00386478 0.000761168 -0.00353818 1.28878e-05 0.000751513 0.0268618 0.136458 -0.00152271 -0.0171457 0.178149 -0.00444505 0.00048409 -0.000220242 0.000197902 -0.000543265 0.000432022 -8.31338e-05 -0.00582193 -0.0155471 0.00132481 -0.0111885 -0.00373428 0.00452818 
-0.00134048 -0.000296542 -0.000296607 0.00100033 -0.000805703 0.000127819 1.59837e-05 -0.000188405 3.89911e-05 -0.000202734 1.98153e-05 2.7346e-05 0.00132449 0.000484948 0.000257616 -0.000797595 0.000785888 -0.000155165 -0.207034 -0.000399595 0.160346 0.00316325 -0.00444505 0.230742 -0.000149679 -0.000776776 8.80805e-05 -0.000641086 -8.31338e-05 0.000171708 0.0043975 0.00117637 0.00227326 -0.00252216 0.00452818 -0.000491907 
-0.000839211 -0.00456761 0.000654601 -0.00375083 -0.000258008 0.000767005 -0.0158499 -0.0103055 -0.000672787 0.0260436 0.00717677 -0.000735454 0.000161864 2.39041e-05 1.8186e-05 -0.000119103 8.93463e-05 -3.15511e-05 -0.00733657 -0.0181056 6.4235e-05 -0.0118609 -0.00582193 0.0043975 1.11415 -0.0484803 -0.299951 -0.750667 0.0268618 -0.207034 0.000567118 8.21636e-06 0.000176792 -0.000376628 0.00048409 -0.000149679 
0.00723331 -0.00669895 0.0019887 -0.0128672 0.00429386 -0.00047531 0.0134651 -0.00643532 -0.00225156 -0.0139278 0.00511879 0.000362998 0.000355823 -0.00114349 0.000262867 -0.00145212 0.000260867 0.000112312 0.0181056 -0.0311489 0.00886328 -0.0406888 0.0155471 -0.00117637 0.0484803 0.329381 -0.00963641 -0.0440427 -0.136458 0.000399595 -8.21636e-06 -0.00485277 0.000773133 -0.00459192 0.000220242 0.000776776 
-0.000829275 0.00204668 -0.000665692 0.0028837 -0.000647438 -0.000319816 0.000938942 -0.00222148 0.000715706 -0.0031559 0.000719174 0.000329346 -0.000109667 0.000174796 -5.00136e-05 0.000272202 -7.17358e-05 -9.52987e-06 -6.4235e-05 0.00886328 -0.00255414 0.00911886 -0.00132481 -0.00227326 0.299951 -0.00963641 0.0674063 -0.00997962 0.00152271 -0.160346 -0.000176792 0.000773133 -0.000193046 0.000860761 -0.000197902 -8.80805e-05 
-0.00624545 0.00916418 -0.00241414 0.0145196 -0.00391865 -0.000163652 0.0288671 0.00969124 0.00267689 -0.0457267 -0.00517481 0.000249571 -0.000448009 0.00106684 -0.000262752 0.00145809 -0.000308906 -8.59192e-05 -0.0118609 0.0406888 -0.00911886 0.0459141 -0.0111885 -0.00252216 -0.750667 0.0440427 0.00997962 0.97302 -0.0171457 0.00316325 -0.000376628 0.00459192 -0.000860761 0.00461079 -0.000543265 -0.000641086 
-0.000426694 -0.00386478 0.000761168 -0.00353818 1.28878e-05 0.000751513 0.00707689 -0.00483147 -0.000790762 -0.00542207 0.000649691 -0.000730956 0.000156436 -3.27604e-05 2.95932e-05 -0.000171799 9.00556e-05 -2.05569e-05 -0.00582193 -0.0155471 0.00132481 -0.0111885 -0.00373428 0.00452818 0.0268618 0.136458 -0.00152271 -0.0171457 0.178149 -0.00444505 0.00048409 -0.000220242 0.000197902 -0.000543265 0.000432022 -8.31338e-05 
0.00132449 0.000484948 0.000257616 -0.000797595 0.000785888 -0.000155165 -0.00134048 -0.000296542 -0.000296607 0.00100033 -0.000805703 0.000127819 1.59837e-05 -0.000188405 3.89911e-05 -0.000202734 1.98153e-05 2.7346e-05 0.0043975 0.00117637 0.00227326 -0.00252216 0.00452818 -0.000491907 -0.207034 -0.000399595 0.160346 0.00316325 -0.00444505 0.230742 -0.000149679 -0.000776776 8.80805e-05 -0.000641086 -8.31338e-05 0.000171708 
0.000161864 2.39041e-05 1.8186e-05 -0.000119103 8.93463e-05 -3.15511e-05 -0.000839211 -0.00456761 0.000654601 -0.00375083 -0.000258008 0.000767005 -0.0158499 -0.0103055 -0.000672787 0.0260436 0.00717677 -0.000735454 0.000567118 8.21636e-06 0.000176792 -0.000376628 0.00048409 -0.000149679 -0.00733657 -0.0181056 6.4235e-05 -0.0118609 -0.00582193 0.0043975 1.11415 -0.0484803 -0.299951 -0.750667 0.0268618 -0.207034 
0.000355823 -0.00114349 0.000262867 -0.00145212 0.000260867 0.000112312 0.00723331 -0.00669895 0.0019887 -0.0128672 0.00429386 -0.00047531 0.0134651 -0.00643532 -0.00225156 -0.0139278 0.00511879 0.000362998 -8.21636e-06 -0.00485277 0.000773133 -0.00459192 0.000220242 0.000776776 0.0181056 -0.0311489 0.00886328 -0.0406888 0.0155471 -0.00117637 0.0484803 0.329381 -0.00963641 -0.0440427 -0.136458 0.000399595 
-0.000109667 0.000174796 -5.00136e-05 0.000272202 -7.17358e-05 -9.52987e-06 -0.000829275 0.00204668 -0.000665692 0.0028837 -0.000647438 -0.000319816 0.000938942 -0.00222148 0.000715706 -0.0031559 0.000719174 0.000329346 -0.000176792 0.000773133 -0.000193046 0.000860761 -0.000197902 -8.80805e-05 -6.4235e-05 0.00886328 -0.00255414 0.00911886 -0.00132481 -0.00227326 0.299951 -0.00963641 0.0674063 -0.00997962 0.00152271 -0.160346 
-0.000448009 0.00106684 -0.000262752 0.00145809 -0.000308906 -8.59192e-05 -0.00624545 0.00916418 -0.00241414 0.0145196 -0.00391865 -0.000163652 0.0288671 0.00969124 0.00267689 -0.0457267 -0.00517481 0.000249571 -0.000376628 0.00459192 -0.000860761 0.00461079 -0.000543265 -0.000641086 -0.0118609 0.0406888 -0.00911886 0.0459141 -0.0111885 -0.00252216 -0.750667 0.0440427 0.00997962 0.97302 -0.0171457 0.00316325 
0.000156436 -3.27604e-05 2.95932e-05 -0.000171799 9.00556e-05 -2.05569e-05 -0.000426694 -0.00386478 0.000761168 -0.00353818 1.28878e-05 0.000751513 0.00707689 -0.00483147 -0.000790762 -0.00542207 0.000649691 -0.000730956 0.00048409 -0.000220242 0.000197902 -0.000543265 0.000432022 -8.31338e-05 -0.00582193 -0.0155471 0.00132481 -0.0111885 -0.00373428 0.00452818 0.0268618 0.136458 -0.00152271 -0.0171457 0.178149 -0.00444505 
1.59837e-05 -0.000188405 3.89911e-05 -0.000202734 1.98153e-05 2.7346e-05 0.00132449 0.000484948 0.000257616 -0.000797595 0.000785888 -0.000155165 -0.00134048 -0.000296542 -0.000296607 0.00100033 -0.000805703 0.000127819 -0.000149679 -0.000776776 8.80805e-05 -0.000641086 -8.31338e-05 0.000171708 0.0043975 0.00117637 0.00227326 -0.00252216 0.00452818 -0.000491907 -0.207034 -0.000399595 0.160346 0.00316325 -0.00444505 0.230742 
