6.55561 2.47332 -11.3547 4.06873 -4.28392 14.6588 2.09272e-15 -4.94665 -3.72039e-15 9.30098e-16 8.56785 4.18544e-15 -6.55561 2.47332 11.3547 -4.06873 -4.28392 -14.6588 -0.0958722 0.108513 0.166056 -0.059503 -0.18795 -0.214377 0.191744 0 -0.332111 0.119006 1.17798e-17 0.428754 -0.0958722 -0.108513 0.166056 -0.059503 0.18795 -0.214377 
5.72966 2.98512 -9.92406 3.52094 -5.17038 12.8119 1.20011 -4.73201 -2.07865 0.834333 8.19609 2.68352 -6.92977 1.74689 12.0027 -4.35527 -3.02571 -15.4954 -0.120093 0.0919955 0.208006 -0.0780611 -0.159341 -0.268535 0.191579 0.0226109 -0.331825 0.12594 -0.0391632 0.428384 -0.0714866 -0.114606 0.123818 -0.0478792 0.198504 -0.159849 
4.80436 3.43054 -8.3214 2.9026 -5.94187 10.7429 2.27943 -4.41724 -3.94808 1.55147 7.65089 5.09695 -7.08379 0.986701 12.2695 -4.45407 -1.70902 -15.8398 -0.138926 0.0789589 0.240627 -0.0920726 -0.136761 -0.310648 0.179245 0.040994 -0.310462 0.118123 -0.0710037 0.400804 -0.0403193 -0.119953 0.069835 -0.0260506 0.207764 -0.0901566 
3.80566 3.78296 -6.5916 2.24199 -6.55228 8.50971 3.2354 -4.0182 -5.60388 2.17184 6.95972 7.23458 -7.04106 0.235236 12.1955 -4.41382 -0.407441 -15.7443 -0.15307 0.0645659 0.265125 -0.101605 -0.111831 -0.342274 0.162057 0.0563118 -0.280691 0.105617 -0.0975349 0.36237 -0.00898711 -0.120878 0.0155661 -0.00401226 0.209366 -0.0200958 
2.76169 4.03016 -4.78338 1.55954 -6.98044 6.17532 4.05773 -3.54778 -7.0282 2.69587 6.14494 9.07337 -6.81942 -0.482379 11.8116 -4.25542 0.835505 -15.2487 -0.162618 0.0484682 0.281663 -0.10726 -0.0839494 -0.363625 0.14203 0.0691965 -0.246003 0.0911061 -0.119852 0.317589 0.0205883 -0.117665 -0.03566 0.0161535 0.203801 0.0460368 
1.70101 4.16716 -2.94624 0.873863 -7.21774 3.80357 4.73605 -3.01916 -8.20308 3.1199 5.22934 10.5901 -6.43706 -1.148 11.1493 -3.99376 1.9884 -14.3937 -0.167582 0.0312629 0.29026 -0.109485 -0.054149 -0.374724 0.119929 0.0798334 -0.207723 0.0754295 -0.138276 0.268169 0.0476528 -0.111096 -0.0825371 0.0340555 0.192424 0.106555 
0.651389 4.19385 -1.12824 0.202428 -7.26396 1.45655 5.26245 -2.44637 -9.11483 3.44068 4.23723 11.7672 -5.91384 -1.74749 10.2431 -3.64311 3.02673 -13.2237 -0.168053 0.01366 0.291076 -0.108613 -0.0236598 -0.375777 0.0962959 0.0882005 -0.166789 0.059016 -0.152768 0.215324 0.0717568 -0.101861 -0.124286 0.0495975 0.176428 0.160453 
-0.361078 4.11393 0.625406 -0.438649 -7.12554 -0.807396 5.63242 -1.84412 -9.75564 3.65685 3.19411 12.5945 -5.27134 -2.26981 9.13023 -3.2182 3.93143 -11.7871 -0.16424 -0.00369189 0.284472 -0.104943 0.00639454 -0.367252 0.0716759 0.0942193 -0.124146 0.0422295 -0.163193 0.160272 0.092564 -0.0905274 -0.160326 0.0627132 0.156798 0.206979 
-1.31263 3.9343 2.27354 -1.03494 -6.8144 -2.93513 5.84509 -1.22752 -10.124 3.76923 2.12613 13.07 -4.53247 -2.70678 7.85046 -2.73429 4.68828 -10.1349 -0.156461 -0.0202327 0.270998 -0.0987769 0.0350441 -0.349857 0.0466405 0.097827 -0.0807838 0.0254342 -0.169441 0.104291 0.10982 -0.0775943 -0.190214 0.0733426 0.134397 0.245565 
-2.18235 3.66444 3.77994 -1.57397 -6.347 -4.87988 5.90329 -0.611606 -10.2248 3.78093 1.05933 13.2002 -3.72094 -3.05283 6.44486 -2.20696 5.28766 -8.32028 -0.145125 -0.0354921 0.251364 -0.0904415 0.061474 -0.324509 0.0217723 0.0990071 -0.0377107 0.00899577 -0.171485 0.0486843 0.123353 -0.063515 -0.213653 0.0814457 0.110011 0.275825 
-2.95258 3.31594 5.11401 -2.0454 -5.74337 -6.60216 5.81336 -0.0109921 -10.069 3.69724 0.0190388 12.9991 -2.86078 -3.30495 4.95502 -1.65184 5.72433 -6.3969 -0.130716 -0.0490875 0.226406 -0.0802843 0.085022 -0.292289 -0.00235797 0.0978011 0.00408412 -0.00673152 -0.169396 -0.00527258 0.133074 -0.0487136 -0.23049 0.0870158 0.0843744 0.297561 
-3.60917 2.90191 6.25127 -2.44117 -5.02625 -8.07036 5.58492 0.56054 -9.67337 3.52544 -0.970884 12.4883 -1.97575 -3.46245 3.4221 -1.08427 5.99714 -4.41791 -0.11377 -0.0607232 0.197055 -0.0686705 0.105176 -0.254397 -0.0252104 0.0943113 0.0436658 -0.0214171 -0.163352 -0.0563723 0.13898 -0.0335881 -0.240721 0.0900876 0.0581763 0.310769 
-4.14168 2.4365 7.1736 -2.75554 -4.22013 -9.26108 5.23055 1.0904 -9.05957 3.27456 -1.88862 11.6959 -1.08887 -3.52689 1.88597 -0.519017 6.10875 -2.43478 -0.0948594 -0.0701877 0.164301 -0.0559753 0.121569 -0.212112 -0.0462931 0.0886991 0.0801819 -0.0347654 -0.153631 -0.103514 0.141152 -0.0185113 -0.244483 0.0907407 0.0320626 0.315626 
-4.54336 1.93439 7.86933 -2.98509 -3.35046 -10.1593 4.76528 1.56748 -8.25372 2.95506 -2.71496 10.6555 -0.221924 -3.50187 0.384383 0.0300274 6.06541 -0.496237 -0.074573 -0.0773502 0.129164 -0.0425759 0.133975 -0.16675 -0.065175 0.0811793 0.112886 -0.0465239 -0.140607 -0.145736 0.139748 -0.00382907 -0.242051 0.0890998 0.00663214 0.312486 
-4.81115 1.41036 8.33316 -3.12868 -2.44281 -10.7581 4.20621 1.98247 -7.28537 2.57856 -3.43374 9.40537 0.604942 -3.39283 -1.04779 0.550117 5.87655 1.35269 -0.0534993 -0.0821554 0.0926636 -0.0288431 0.142297 -0.119628 -0.0814974 0.0720132 0.141158 -0.0564898 -0.12473 -0.182234 0.134997 0.0101423 -0.233821 0.0853329 -0.0175669 0.301862 
-4.94552 0.878866 8.5659 -3.18734 -1.52224 -11.0585 3.5719 2.328 -6.18671 2.15745 -4.03221 7.98701 1.37362 -3.20687 -2.37918 1.02989 5.55445 3.07151 -0.0322118 -0.084617 0.0557924 -0.0151336 0.146561 -0.0720277 -0.0949808 0.0614986 0.164512 -0.0645136 -0.106519 -0.212384 0.127193 0.0231184 -0.220304 0.0796471 -0.0400423 0.284411 
-4.95024 0.353695 8.57407 -3.16415 -0.612618 -11.0691 2.88189 2.5988 -4.99157 1.70458 -4.50125 6.44409 2.06836 -2.95249 -3.5825 1.45957 5.11387 4.62499 -0.0112551 -0.0848104 0.0194944 -0.00178276 0.146896 -0.0251671 -0.10543 0.0499597 0.18261 -0.070501 -0.0865328 -0.235749 0.116685 0.0348507 -0.202105 0.0722837 -0.0603631 0.260916 
-4.8321 -0.152348 8.36945 -3.06401 0.263874 -10.8049 2.15611 2.79175 -3.73449 1.23288 -4.83544 4.82121 2.67599 -2.6394 -4.63496 1.83113 4.57157 5.9837 0.00886643 -0.0828646 -0.0153571 0.0109014 0.143526 0.0198259 -0.112736 0.0377357 0.195265 -0.0744129 -0.0653601 -0.252086 0.10387 0.045129 -0.179908 0.0635115 -0.0781657 0.23226 
-4.60056 -0.627693 7.96841 -2.89345 1.0872 -10.2872 1.4144 2.90585 -2.44982 0.755079 -5.03308 3.1627 3.18616 -2.27816 -5.51859 2.13837 3.94589 7.12447 0.0276985 -0.0789544 -0.0479752 0.0226443 0.136753 0.0619358 -0.116875 0.0251696 0.202433 -0.0762638 -0.043595 -0.26134 0.0891761 0.0537848 -0.154458 0.0536196 -0.093158 0.199404 
-4.26737 -1.06221 7.39131 -2.66037 1.83979 -9.54214 0.675983 2.9422 -1.17084 0.283358 -5.09603 1.51154 3.59139 -1.87999 -6.22047 2.37701 3.25624 8.0306 0.0448449 -0.0732918 -0.0776736 0.0332086 0.126945 0.100276 -0.117903 0.0125983 0.204214 -0.0761185 -0.0218208 -0.263639 0.0730581 0.0606936 -0.12654 0.0429098 -0.105124 0.163363 
-3.84616 -1.44734 6.66175 -2.37381 2.50687 -8.60028 -0.0409973 2.90378 0.0710093 -0.170889 -5.0295 -0.0916727 3.88716 -1.45644 -6.73276 2.5447 2.52263 8.69196 0.0599732 -0.0661185 -0.103877 0.0423985 0.114521 0.134104 -0.115955 0.000342165 0.200839 -0.0740876 -0.000592647 -0.259282 0.0559814 0.0657763 -0.0969627 0.0316891 -0.113928 0.125178 
-3.35199 -1.77627 5.80581 -2.04362 3.07659 -7.49527 -0.719862 2.79537 1.24684 -0.597313 -4.84173 -1.60966 4.07185 -1.01911 -7.05265 2.64093 1.76514 9.10493 0.0728191 -0.0576975 -0.126126 0.0500614 0.099935 0.162829 -0.111231 -0.0113026 0.192658 -0.0703227 0.0195767 -0.24872 0.038412 0.0690001 -0.0665316 0.0202613 -0.119512 0.0858919 
-2.80089 -2.0439 4.85128 -1.68022 3.54013 -6.26297 -1.34575 2.62326 2.33091 -0.986803 -4.54362 -3.00919 4.14664 -0.579365 -7.18219 2.66702 1.00349 9.27216 0.0831887 -0.048306 -0.144087 0.05609 0.0836684 0.186016 -0.103994 -0.0220715 0.180123 -0.06501 0.0382289 -0.232538 0.0208053 0.0703775 -0.0360359 0.00892004 -0.121897 0.0465221 
-2.20946 -2.24693 3.82689 -1.2943 3.89179 -4.9405 -1.9059 2.39502 3.30111 -1.33165 -4.1483 -4.26171 4.11535 -0.148096 -7.128 2.62595 0.256511 9.20221 0.090959 -0.038228 -0.157546 0.0604219 0.0662128 0.203391 -0.0945542 -0.0317368 0.163773 -0.0583638 0.0549698 -0.21143 0.00359513 0.0699648 -0.00622695 -0.00205809 -0.121183 0.00803896 
-1.5944 -2.38381 2.76158 -0.896544 4.12888 -3.56519 -2.38984 2.11925 4.13932 -1.62564 -3.67065 -5.34384 3.98424 0.264558 -6.9009 2.52219 -0.458227 8.90902 0.0960771 -0.0277476 -0.16641 0.0630394 0.0480602 0.214835 -0.0832614 -0.0401121 0.144213 -0.0506198 0.0694761 -0.186178 -0.0128157 0.0678596 0.0221975 -0.0124196 -0.117536 -0.0286568 
-0.972112 -2.4547 1.68375 -0.49737 4.25167 -2.17371 -2.78955 1.80529 4.83165 -1.86418 -3.12686 -6.23763 3.76167 0.649407 -6.5154 2.36155 -1.12481 8.41134 0.0985575 -0.0171424 -0.170707 0.0639676 0.0296916 0.220381 -0.0704934 -0.0470539 0.122098 -0.042028 0.0814998 -0.157628 -0.0280641 0.0641964 0.0486084 -0.0219395 -0.111191 -0.0627532 
-0.358311 -2.46135 0.620613 -0.106694 4.26318 -0.801207 -3.09954 1.46295 5.36856 -2.04426 -2.5339 -6.93078 3.45785 0.9984 -5.98917 2.15096 -1.72928 7.73199 0.0984783 -0.00667798 -0.170569 0.0632712 0.0115666 0.220204 -0.0566447 -0.0524638 0.0981115 -0.032846 0.09087 -0.126661 -0.0418335 0.0591418 0.0724578 -0.0304253 -0.102437 -0.0935426 
0.232322 -2.40697 -0.402393 0.266296 4.169 0.519487 -3.3168 1.10221 5.74487 -2.16449 -1.90908 -7.41659 3.08448 1.30477 -5.34248 1.89819 -2.25992 6.89711 0.0959757 0.0033981 -0.166235 0.0610517 -0.00588568 0.214608 -0.0421156 -0.0562874 0.0729464 -0.0233318 0.0974927 -0.0941734 -0.0538601 0.0528893 0.0932884 -0.0377199 -0.091607 -0.120435 
0.786439 -2.29612 -1.36215 0.613319 3.97699 1.75853 -3.4408 0.732983 5.95965 -2.22501 -1.26956 -7.69387 2.65437 1.56313 -4.5975 1.61169 -2.70743 5.93534 0.0912383 0.0128605 -0.158029 0.0574425 -0.022275 0.204015 -0.0273021 -0.0585136 0.0472886 -0.013738 0.101349 -0.0610494 -0.0639362 0.0456531 0.110741 -0.0437045 -0.0790735 -0.142966 
1.29229 -2.13446 -2.23831 0.927166 3.697 2.88964 -3.47335 0.36488 6.01602 -2.22744 -0.631991 -7.76664 2.18106 1.76958 -3.77771 1.30028 -3.06501 4.877 0.0844992 0.0215105 -0.146357 0.0526045 -0.0372573 0.188946 -0.012586 -0.0591718 0.0217997 -0.00430584 0.102489 -0.0281432 -0.0719132 0.0376613 0.124557 -0.0482987 -0.0652313 -0.160803 
1.73992 -1.92864 -3.01362 1.20182 3.3405 3.89057 -3.4184 0.00695694 5.92084 -2.17477 -0.0120498 -7.64378 1.67849 1.92168 -2.90722 0.97295 -3.32845 3.75321 0.0760285 0.0291792 -0.131685 0.0467204 -0.0505398 0.170005 0.00167342 -0.0583292 -0.00289845 0.00474047 0.101029 0.00374188 -0.0777019 0.02915 0.134584 -0.0514609 -0.0504893 -0.173747 
2.12132 -1.686 -3.67423 1.43253 2.92024 4.74341 -3.28189 -0.332462 5.6844 -2.07115 0.575841 -7.33853 1.16057 2.01846 -2.01017 0.638617 -3.49608 2.59512 0.0661247 0.0357301 -0.114531 0.0399894 -0.0618863 0.147859 0.0151475 -0.0560865 -0.0262363 0.0131979 0.0971447 0.0338709 -0.0812722 0.0203564 0.140768 -0.0531873 -0.0352583 -0.18173 
2.43053 -1.41444 -4.20981 1.6159 2.44989 5.43484 -3.07144 -0.645952 5.31989 -1.9218 1.11882 -6.86794 0.640906 2.06039 -1.11008 0.305901 -3.56871 1.43311 0.055106 0.0410608 -0.0954464 0.0326213 -0.0711194 0.123221 0.0275444 -0.0525737 -0.0477083 0.0208886 0.0910602 0.0615911 -0.0826504 0.0115129 0.143155 -0.0535099 -0.0199409 -0.184812 
2.66369 -1.12214 -4.61365 1.74986 1.94361 5.9562 -2.79611 -0.927124 4.843 -1.73279 1.60583 -6.25228 0.132413 2.04927 -0.229346 -0.0170633 -3.54944 0.296085 0.0433016 0.0451037 -0.0750006 0.0248307 -0.078122 0.0968254 0.0386141 -0.047945 -0.0668816 0.027663 0.0830431 0.0863438 -0.0819158 0.00284124 0.141882 -0.0524937 -0.00492116 -0.183169 
2.819 -0.817382 -4.88265 1.83366 1.41575 6.30347 -2.46607 -1.17072 4.27137 -1.51085 2.02775 -5.51431 -0.352925 1.98811 0.611283 -0.322807 -3.4435 -0.789163 0.0310431 0.0478262 -0.0537683 0.0168319 -0.0828375 0.0694145 0.0481529 -0.0423739 -0.0834033 0.0334019 0.0733938 0.107673 -0.079196 -0.0054523 0.137172 -0.0502337 0.00944366 -0.177088 
2.89667 -0.508308 -5.01717 1.86785 0.880415 6.47714 -2.09234 -1.37271 3.62405 -1.26317 2.3776 -4.67863 -0.804322 1.88101 1.39313 -0.604674 -3.25801 -1.79852 0.0186561 0.0492296 -0.0323133 0.00883294 -0.0852681 0.0417163 0.0560053 -0.0360479 -0.097004 0.0380176 0.0624369 0.125232 -0.0746614 -0.0131816 0.129317 -0.0468505 0.0228312 -0.166948 
2.89881 -0.202762 -5.02089 1.85415 0.351194 6.48194 -1.68642 -1.53026 2.92097 -0.997202 2.65048 -3.77095 -1.21239 1.73302 2.09993 -0.856949 -3.00168 -2.71099 0.00645261 0.0493472 -0.0111762 0.00103142 -0.0854718 0.0144285 0.0620656 -0.0291629 -0.107501 0.0414549 0.0505115 0.138783 -0.0685182 -0.0201843 0.118677 -0.0424863 0.0349603 -0.153211 
2.82931 0.0919083 -4.90051 1.7954 -0.15919 6.32653 -1.26 -1.64182 2.18238 -0.720459 2.84371 -2.81744 -1.56931 1.54991 2.71813 -1.07494 -2.68452 -3.50909 -0.00527599 0.0482425 0.00913828 -0.00639032 -0.0835584 -0.0117975 0.066278 -0.0219179 -0.114797 0.0436904 0.0379629 0.148202 -0.061002 -0.0263245 0.105659 -0.0373 0.0455955 -0.136405 
2.69359 0.369 -4.66544 1.69538 -0.639126 6.02306 -0.824672 -1.70703 1.42837 -0.440332 2.95667 -1.84402 -1.86892 1.33803 3.23707 -1.25505 -2.31754 -4.17903 -0.016265 0.0460057 0.0281718 -0.0132687 -0.0796842 -0.0363697 0.0686349 -0.0145106 -0.118879 0.0447314 0.0251332 0.153472 -0.0523699 -0.031495 0.0907074 -0.0314627 0.054551 -0.117103 
2.49845 0.62259 -4.32744 1.55872 -1.07836 5.58671 -0.391648 -1.72671 0.678355 -0.163911 2.99076 -0.875752 -2.1068 1.10412 3.64909 -1.39481 -1.9124 -4.71095 -0.0262817 0.0427504 0.0455212 -0.0194621 -0.0740458 -0.0587677 0.0691751 -0.00713211 -0.119815 0.0446145 0.0123532 0.15468 -0.0428934 -0.0356183 0.0742935 -0.0251523 0.0616926 -0.0959125 
6.55561 2.47332 -11.3547 4.06873 -4.28392 14.6588 2.09272e-15 -4.94665 -3.72039e-15 9.30098e-16 8.56785 4.18544e-15 -6.55561 2.47332 11.3547 -4.06873 -4.28392 -14.6588 -0.0958722 0.108513 0.166056 -0.059503 -0.18795 -0.214377 0.191744 0 -0.332111 0.119006 1.17798e-17 0.428754 -0.0958722 -0.108513 0.166056 -0.059503 0.18795 -0.214377 
5.72966 2.98512 -9.92406 3.52094 -5.17038 12.8119 1.20011 -4.73201 -2.07865 0.834333 8.19609 2.68352 -6.92977 1.74689 12.0027 -4.35527 -3.02571 -15.4954 -0.120093 0.0919955 0.208006 -0.0780611 -0.159341 -0.268535 0.191579 0.0226109 -0.331825 0.12594 -0.0391632 0.428384 -0.0714866 -0.114606 0.123818 -0.0478792 0.198504 -0.159849 
4.80436 3.43054 -8.3214 2.9026 -5.94187 10.7429 2.27943 -4.41724 -3.94808 1.55147 7.65089 5.09695 -7.08379 0.986701 12.2695 -4.45407 -1.70902 -15.8398 -0.138926 0.0789589 0.240627 -0.0920726 -0.136761 -0.310648 0.179245 0.040994 -0.310462 0.118123 -0.0710037 0.400804 -0.0403193 -0.119953 0.069835 -0.0260506 0.207764 -0.0901566 
3.80566 3.78296 -6.5916 2.24199 -6.55228 8.50971 3.2354 -4.0182 -5.60388 2.17184 6.95972 7.23458 -7.04106 0.235236 12.1955 -4.41382 -0.407441 -15.7443 -0.15307 0.0645659 0.265125 -0.101605 -0.111831 -0.342274 0.162057 0.0563118 -0.280691 0.105617 -0.0975349 0.36237 -0.00898711 -0.120878 0.0155661 -0.00401226 0.209366 -0.0200958 
2.76169 4.03016 -4.78338 1.55954 -6.98044 6.17532 4.05773 -3.54778 -7.0282 2.69587 6.14494 9.07337 -6.81942 -0.482379 11.8116 -4.25542 0.835505 -15.2487 -0.162618 0.0484682 0.281663 -0.10726 -0.0839494 -0.363625 0.14203 0.0691965 -0.246003 0.0911061 -0.119852 0.317589 0.0205883 -0.117665 -0.03566 0.0161535 0.203801 0.0460368 
1.70101 4.16716 -2.94624 0.873863 -7.21774 3.80357 4.73605 -3.01916 -8.20308 3.1199 5.22934 10.5901 -6.43706 -1.148 11.1493 -3.99376 1.9884 -14.3937 -0.167582 0.0312629 0.29026 -0.109485 -0.054149 -0.374724 0.119929 0.0798334 -0.207723 0.0754295 -0.138276 0.268169 0.0476528 -0.111096 -0.0825371 0.0340555 0.192424 0.106555 
0.651389 4.19385 -1.12824 0.202428 -7.26396 1.45655 5.26245 -2.44637 -9.11483 3.44068 4.23723 11.7672 -5.91384 -1.74749 10.2431 -3.64311 3.02673 -13.2237 -0.168053 0.01366 0.291076 -0.108613 -0.0236598 -0.375777 0.0962959 0.0882005 -0.166789 0.059016 -0.152768 0.215324 0.0717568 -0.101861 -0.124286 0.0495975 0.176428 0.160453 
-0.361078 4.11393 0.625406 -0.438649 -7.12554 -0.807396 5.63242 -1.84412 -9.75564 3.65685 3.19411 12.5945 -5.27134 -2.26981 9.13023 -3.2182 3.93143 -11.7871 -0.16424 -0.00369189 0.284472 -0.104943 0.00639454 -0.367252 0.0716759 0.0942193 -0.124146 0.0422295 -0.163193 0.160272 0.092564 -0.0905274 -0.160326 0.0627132 0.156798 0.206979 
-1.31263 3.9343 2.27354 -1.03494 -6.8144 -2.93513 5.84509 -1.22752 -10.124 3.76923 2.12613 13.07 -4.53247 -2.70678 7.85046 -2.73429 4.68828 -10.1349 -0.156461 -0.0202327 0.270998 -0.0987769 0.0350441 -0.349857 0.0466405 0.097827 -0.0807838 0.0254342 -0.169441 0.104291 0.10982 -0.0775943 -0.190214 0.0733426 0.134397 0.245565 
-2.18235 3.66444 3.77994 -1.57397 -6.347 -4.87988 5.90329 -0.611606 -10.2248 3.78093 1.05933 13.2002 -3.72094 -3.05283 6.44486 -2.20696 5.28766 -8.32028 -0.145125 -0.0354921 0.251364 -0.0904415 0.061474 -0.324509 0.0217723 0.0990071 -0.0377107 0.00899577 -0.171485 0.0486843 0.123353 -0.063515 -0.213653 0.0814457 0.110011 0.275825 
-2.95258 3.31594 5.11401 -2.0454 -5.74337 -6.60216 5.81336 -0.0109921 -10.069 3.69724 0.0190388 12.9991 -2.86078 -3.30495 4.95502 -1.65184 5.72433 -6.3969 -0.130716 -0.0490875 0.226406 -0.0802843 0.085022 -0.292289 -0.00235797 0.0978011 0.00408412 -0.00673152 -0.169396 -0.00527258 0.133074 -0.0487136 -0.23049 0.0870158 0.0843744 0.297561 
-3.60917 2.90191 6.25127 -2.44117 -5.02625 -8.07036 5.58492 0.56054 -9.67337 3.52544 -0.970884 12.4883 -1.97575 -3.46245 3.4221 -1.08427 5.99714 -4.41791 -0.11377 -0.0607232 0.197055 -0.0686705 0.105176 -0.254397 -0.0252104 0.0943113 0.0436658 -0.0214171 -0.163352 -0.0563723 0.13898 -0.0335881 -0.240721 0.0900876 0.0581763 0.310769 
-4.14168 2.4365 7.1736 -2.75554 -4.22013 -9.26108 5.23055 1.0904 -9.05957 3.27456 -1.88862 11.6959 -1.08887 -3.52689 1.88597 -0.519017 6.10875 -2.43478 -0.0948594 -0.0701877 0.164301 -0.0559753 0.121569 -0.212112 -0.0462931 0.0886991 0.0801819 -0.0347654 -0.153631 -0.103514 0.141152 -0.0185113 -0.244483 0.0907407 0.0320626 0.315626 
-4.54336 1.93439 7.86933 -2.98509 -3.35046 -10.1593 4.76528 1.56748 -8.25372 2.95506 -2.71496 10.6555 -0.221924 -3.50187 0.384383 0.0300274 6.06541 -0.496237 -0.074573 -0.0773502 0.129164 -0.0425759 0.133975 -0.16675 -0.065175 0.0811793 0.112886 -0.0465239 -0.140607 -0.145736 0.139748 -0.00382907 -0.242051 0.0890998 0.00663214 0.312486 
-4.81115 1.41036 8.33316 -3.12868 -2.44281 -10.7581 4.20621 1.98247 -7.28537 2.57856 -3.43374 9.40537 0.604942 -3.39283 -1.04779 0.550117 5.87655 1.35269 -0.0534993 -0.0821554 0.0926636 -0.0288431 0.142297 -0.119628 -0.0814974 0.0720132 0.141158 -0.0564898 -0.12473 -0.182234 0.134997 0.0101423 -0.233821 0.0853329 -0.0175669 0.301862 
-4.94552 0.878866 8.5659 -3.18734 -1.52224 -11.0585 3.5719 2.328 -6.18671 2.15745 -4.03221 7.98701 1.37362 -3.20687 -2.37918 1.02989 5.55445 3.07151 -0.0322118 -0.084617 0.0557924 -0.0151336 0.146561 -0.0720277 -0.0949808 0.0614986 0.164512 -0.0645136 -0.106519 -0.212384 0.127193 0.0231184 -0.220304 0.0796471 -0.0400423 0.284411 
-4.95024 0.353695 8.57407 -3.16415 -0.612618 -11.0691 2.88189 2.5988 -4.99157 1.70458 -4.50125 6.44409 2.06836 -2.95249 -3.5825 1.45957 5.11387 4.62499 -0.0112551 -0.0848104 0.0194944 -0.00178276 0.146896 -0.0251671 -0.10543 0.0499597 0.18261 -0.070501 -0.0865328 -0.235749 0.116685 0.0348507 -0.202105 0.0722837 -0.0603631 0.260916 
-4.8321 -0.152348 8.36945 -3.06401 0.263874 -10.8049 2.15611 2.79175 -3.73449 1.23288 -4.83544 4.82121 2.67599 -2.6394 -4.63496 1.83113 4.57157 5.9837 0.00886643 -0.0828646 -0.0153571 0.0109014 0.143526 0.0198259 -0.112736 0.0377357 0.195265 -0.0744129 -0.0653601 -0.252086 0.10387 0.045129 -0.179908 0.0635115 -0.0781657 0.23226 
-4.60056 -0.627693 7.96841 -2.89345 1.0872 -10.2872 1.4144 2.90585 -2.44982 0.755079 -5.03308 3.1627 3.18616 -2.27816 -5.51859 2.13837 3.94589 7.12447 0.0276985 -0.0789544 -0.0479752 0.0226443 0.136753 0.0619358 -0.116875 0.0251696 0.202433 -0.0762638 -0.043595 -0.26134 0.0891761 0.0537848 -0.154458 0.0536196 -0.093158 0.199404 
-4.26737 -1.06221 7.39131 -2.66037 1.83979 -9.54214 0.675983 2.9422 -1.17084 0.283358 -5.09603 1.51154 3.59139 -1.87999 -6.22047 2.37701 3.25624 8.0306 0.0448449 -0.0732918 -0.0776736 0.0332086 0.126945 0.100276 -0.117903 0.0125983 0.204214 -0.0761185 -0.0218208 -0.263639 0.0730581 0.0606936 -0.12654 0.0429098 -0.105124 0.163363 
-3.84616 -1.44734 6.66175 -2.37381 2.50687 -8.60028 -0.0409973 2.90378 0.0710093 -0.170889 -5.0295 -0.0916727 3.88716 -1.45644 -6.73276 2.5447 2.52263 8.69196 0.0599732 -0.0661185 -0.103877 0.0423985 0.114521 0.134104 -0.115955 0.000342165 0.200839 -0.0740876 -0.000592647 -0.259282 0.0559814 0.0657763 -0.0969627 0.0316891 -0.113928 0.125178 
-3.35199 -1.77627 5.80581 -2.04362 3.07659 -7.49527 -0.719862 2.79537 1.24684 -0.597313 -4.84173 -1.60966 4.07185 -1.01911 -7.05265 2.64093 1.76514 9.10493 0.0728191 -0.0576975 -0.126126 0.0500614 0.099935 0.162829 -0.111231 -0.0113026 0.192658 -0.0703227 0.0195767 -0.24872 0.038412 0.0690001 -0.0665316 0.0202613 -0.119512 0.0858919 
-2.80089 -2.0439 4.85128 -1.68022 3.54013 -6.26297 -1.34575 2.62326 2.33091 -0.986803 -4.54362 -3.00919 4.14664 -0.579365 -7.18219 2.66702 1.00349 9.27216 0.0831887 -0.048306 -0.144087 0.05609 0.0836684 0.186016 -0.103994 -0.0220715 0.180123 -0.06501 0.0382289 -0.232538 0.0208053 0.0703775 -0.0360359 0.00892004 -0.121897 0.0465221 
-2.20946 -2.24693 3.82689 -1.2943 3.89179 -4.9405 -1.9059 2.39502 3.30111 -1.33165 -4.1483 -4.26171 4.11535 -0.148096 -7.128 2.62595 0.256511 9.20221 0.090959 -0.038228 -0.157546 0.0604219 0.0662128 0.203391 -0.0945542 -0.0317368 0.163773 -0.0583638 0.0549698 -0.21143 0.00359513 0.0699648 -0.00622695 -0.00205809 -0.121183 0.00803896 
-1.5944 -2.38381 2.76158 -0.896544 4.12888 -3.56519 -2.38984 2.11925 4.13932 -1.62564 -3.67065 -5.34384 3.98424 0.264558 -6.9009 2.52219 -0.458227 8.90902 0.0960771 -0.0277476 -0.16641 0.0630394 0.0480602 0.214835 -0.0832614 -0.0401121 0.144213 -0.0506198 0.0694761 -0.186178 -0.0128157 0.0678596 0.0221975 -0.0124196 -0.117536 -0.0286568 
-0.972112 -2.4547 1.68375 -0.49737 4.25167 -2.17371 -2.78955 1.80529 4.83165 -1.86418 -3.12686 -6.23763 3.76167 0.649407 -6.5154 2.36155 -1.12481 8.41134 0.0985575 -0.0171424 -0.170707 0.0639676 0.0296916 0.220381 -0.0704934 -0.0470539 0.122098 -0.042028 0.0814998 -0.157628 -0.0280641 0.0641964 0.0486084 -0.0219395 -0.111191 -0.0627532 
-0.358311 -2.46135 0.620613 -0.106694 4.26318 -0.801207 -3.09954 1.46295 5.36856 -2.04426 -2.5339 -6.93078 3.45785 0.9984 -5.98917 2.15096 -1.72928 7.73199 0.0984783 -0.00667798 -0.170569 0.0632712 0.0115666 0.220204 -0.0566447 -0.0524638 0.0981115 -0.032846 0.09087 -0.126661 -0.0418335 0.0591418 0.0724578 -0.0304253 -0.102437 -0.0935426 
0.232322 -2.40697 -0.402393 0.266296 4.169 0.519487 -3.3168 1.10221 5.74487 -2.16449 -1.90908 -7.41659 3.08448 1.30477 -5.34248 1.89819 -2.25992 6.89711 0.0959757 0.0033981 -0.166235 0.0610517 -0.00588568 0.214608 -0.0421156 -0.0562874 0.0729464 -0.0233318 0.0974927 -0.0941734 -0.0538601 0.0528893 0.0932884 -0.0377199 -0.091607 -0.120435 
0.786439 -2.29612 -1.36215 0.613319 3.97699 1.75853 -3.4408 0.732983 5.95965 -2.22501 -1.26956 -7.69387 2.65437 1.56313 -4.5975 1.61169 -2.70743 5.93534 0.0912383 0.0128605 -0.158029 0.0574425 -0.022275 0.204015 -0.0273021 -0.0585136 0.0472886 -0.013738 0.101349 -0.0610494 -0.0639362 0.0456531 0.110741 -0.0437045 -0.0790735 -0.142966 
1.29229 -2.13446 -2.23831 0.927166 3.697 2.88964 -3.47335 0.36488 6.01602 -2.22744 -0.631991 -7.76664 2.18106 1.76958 -3.77771 1.30028 -3.06501 4.877 0.0844992 0.0215105 -0.146357 0.0526045 -0.0372573 0.188946 -0.012586 -0.0591718 0.0217997 -0.00430584 0.102489 -0.0281432 -0.0719132 0.0376613 0.124557 -0.0482987 -0.0652313 -0.160803 
1.73992 -1.92864 -3.01362 1.20182 3.3405 3.89057 -3.4184 0.00695694 5.92084 -2.17477 -0.0120498 -7.64378 1.67849 1.92168 -2.90722 0.97295 -3.32845 3.75321 0.0760285 0.0291792 -0.131685 0.0467204 -0.0505398 0.170005 0.00167342 -0.0583292 -0.00289845 0.00474047 0.101029 0.00374188 -0.0777019 0.02915 0.134584 -0.0514609 -0.0504893 -0.173747 
2.12132 -1.686 -3.67423 1.43253 2.92024 4.74341 -3.28189 -0.332462 5.6844 -2.07115 0.575841 -7.33853 1.16057 2.01846 -2.01017 0.638617 -3.49608 2.59512 0.0661247 0.0357301 -0.114531 0.0399894 -0.0618863 0.147859 0.0151475 -0.0560865 -0.0262363 0.0131979 0.0971447 0.0338709 -0.0812722 0.0203564 0.140768 -0.0531873 -0.0352583 -0.18173 
2.43053 -1.41444 -4.20981 1.6159 2.44989 5.43484 -3.07144 -0.645952 5.31989 -1.9218 1.11882 -6.86794 0.640906 2.06039 -1.11008 0.305901 -3.56871 1.43311 0.055106 0.0410608 -0.0954464 0.0326213 -0.0711194 0.123221 0.0275444 -0.0525737 -0.0477083 0.0208886 0.0910602 0.0615911 -0.0826504 0.0115129 0.143155 -0.0535099 -0.0199409 -0.184812 
2.66369 -1.12214 -4.61365 1.74986 1.94361 5.9562 -2.79611 -0.927124 4.843 -1.73279 1.60583 -6.25228 0.132413 2.04927 -0.229346 -0.0170633 -3.54944 0.296085 0.0433016 0.0451037 -0.0750006 0.0248307 -0.078122 0.0968254 0.0386141 -0.047945 -0.0668816 0.027663 0.0830431 0.0863438 -0.0819158 0.00284124 0.141882 -0.0524937 -0.00492116 -0.183169 
2.819 -0.817382 -4.88265 1.83366 1.41575 6.30347 -2.46607 -1.17072 4.27137 -1.51085 2.02775 -5.51431 -0.352925 1.98811 0.611283 -0.322807 -3.4435 -0.789163 0.0310431 0.0478262 -0.0537683 0.0168319 -0.0828375 0.0694145 0.0481529 -0.0423739 -0.0834033 0.0334019 0.0733938 0.107673 -0.079196 -0.0054523 0.137172 -0.0502337 0.00944366 -0.177088 
2.89667 -0.508308 -5.01717 1.86785 0.880415 6.47714 -2.09234 -1.37271 3.62405 -1.26317 2.3776 -4.67863 -0.804322 1.88101 1.39313 -0.604674 -3.25801 -1.79852 0.0186561 0.0492296 -0.0323133 0.00883294 -0.0852681 0.0417163 0.0560053 -0.0360479 -0.097004 0.0380176 0.0624369 0.125232 -0.0746614 -0.0131816 0.129317 -0.0468505 0.0228312 -0.166948 
2.89881 -0.202762 -5.02089 1.85415 0.351194 6.48194 -1.68642 -1.53026 2.92097 -0.997202 2.65048 -3.77095 -1.21239 1.73302 2.09993 -0.856949 -3.00168 -2.71099 0.00645261 0.0493472 -0.0111762 0.00103142 -0.0854718 0.0144285 0.0620656 -0.0291629 -0.107501 0.0414549 0.0505115 0.138783 -0.0685182 -0.0201843 0.118677 -0.0424863 0.0349603 -0.153211 
2.82931 0.0919083 -4.90051 1.7954 -0.15919 6.32653 -1.26 -1.64182 2.18238 -0.720459 2.84371 -2.81744 -1.56931 1.54991 2.71813 -1.07494 -2.68452 -3.50909 -0.00527599 0.0482425 0.00913828 -0.00639032 -0.0835584 -0.0117975 0.066278 -0.0219179 -0.114797 0.0436904 0.0379629 0.148202 -0.061002 -0.0263245 0.105659 -0.0373 0.0455955 -0.136405 
2.69359 0.369 -4.66544 1.69538 -0.639126 6.02306 -0.824672 -1.70703 1.42837 -0.440332 2.95667 -1.84402 -1.86892 1.33803 3.23707 -1.25505 -2.31754 -4.17903 -0.016265 0.0460057 0.0281718 -0.0132687 -0.0796842 -0.0363697 0.0686349 -0.0145106 -0.118879 0.0447314 0.0251332 0.153472 -0.0523699 -0.031495 0.0907074 -0.0314627 0.054551 -0.117103 
2.49845 0.62259 -4.32744 1.55872 -1.07836 5.58671 -0.391648 -1.72671 0.678355 -0.163911 2.99076 -0.875752 -2.1068 1.10412 3.64909 -1.39481 -1.9124 -4.71095 -0.0262817 0.0427504 0.0455212 -0.0194621 -0.0740458 -0.0587677 0.0691751 -0.00713211 -0.119815 0.0446145 0.0123532 0.15468 -0.0428934 -0.0356183 0.0742935 -0.0251523 0.0616926 -0.0959125 
