2
1.0000000000000004 0.99999999999999978
0.55555555555555569 0.88888888888888884 0.55555555555555536
0.34785484513745168 0.65214515486254609 0.65214515486254632 0.34785484513745268
0.23692688505618806 0.47862867049936658 0.56888888888888878 0.47862867049936647 0.23692688505618922
0.1713244923791698 0.36076157304813833 0.46791393457269126 0.46791393457269093 0.36076157304813894 0.17132449237917041
0.12948496616886856 0.27970539148927914 0.38183005050511881 0.4179591836734694 0.38183005050511853 0.2797053914892782 0.12948496616886976
0.10122853629036549 0.22238103445338081 0.31370664587788682 0.36268378337836193 0.36268378337836193 0.31370664587788527 0.2223810344533817 0.10122853629036158
0.081274388361574038 0.18064816069486644 0.26061069640293399 0.31234707704000275 0.33023935500125978 0.31234707704000314 0.26061069640293494 0.18064816069485834 0.081274388361581837
0.066671344308693717 0.14945134915058414 0.21908636251597363 0.26926671930999652 0.2955242247147527 0.29552422471475293 0.26926671930999613 0.21908636251598337 0.14945134915058941 0.066671344308694105
0.0556685671161537 0.12558036946492648 0.18629021092773232 0.23319376459199576 0.26280454451024637 0.27292508677790062 0.26280454451024665 0.23319376459199173 0.18629021092771503 0.12558036946491011 0.055668567116164927
0.047175336386530396 0.10693932599531217 0.1600783285433387 0.20316742672307031 0.233492536538354 0.24914704581340261 0.24914704581340277 0.23349253653835517 0.20316742672307089 0.16007832854336598 0.10693932599531361 0.047175336386538147
0.040484004765304671 0.092121499837750004 0.13887351021979821 0.17814598076193852 0.20781604753688956 0.22628318026289715 0.2325515532308739 0.22628318026289729 0.20781604753689045 0.17814598076196278 0.1388735102198092 0.092121499837737181 0.040484004765272093
0.035119460331922224 0.080158087159685198 0.12151857068788222 0.15720316715819657 0.18553839747792822 0.20519846372129613 0.21526385346315785 0.21526385346315782 0.2051984637212971 0.18553839747793552 0.15720316715818047 0.12151857068799105 0.080158087159655403 0.035119460331816586
0.030753241995880587 0.070366047488281361 0.10715922046719527 0.13957067792609998 0.16626920581697913 0.18616100001556379 0.19843148532711155 0.20257824192556129 0.19843148532711155 0.18616100001556354 0.16626920581700452 0.13957067792614589 0.10715922046707592 0.070366047488469932 0.030753241995751836
0.027152459412783613 0.062253523937963851 0.095158511683321095 0.12462897125559914 0.14959598881665434 0.16915651939500603 0.18260341504492489 0.1894506104550685 0.1894506104550685 0.18260341504492336 0.16915651939499773 0.14959598881659333 0.12462897125566666 0.095158511682797445 0.062253523938024684 0.027152459412475197
0.024148302870276646 0.055459529372564424 0.085036148317390897 0.11188384719315783 0.13513636846858795 0.15404576107679804 0.16800410215644906 0.17656270536699301 0.17944647035620653 0.17656270536699262 0.16800410215645001 0.15404576107684459 0.13513636846846711 0.11188384719349054 0.085036148317901225 0.055459529372794296 0.024148302869709197
0.021616013526129248 0.049714548894678169 0.076425730253573465 0.10094204410572104 0.12255520671125691 0.14064291467075651 0.15468467512626699 0.1642764837458324 0.16914238296314352 0.1691423829631436 0.16427648374583295 0.15468467512626424 0.14064291467081019 0.12255520671155659 0.10094204410701471 0.076425730256828361 0.049714548895627632 0.02161601352626822
0.01946178822362319 0.044814226773092096 0.069044542731703587 0.09149002162252956 0.11156664554516463 0.12875396253941845 0.14260670217361909 0.15276604206586014 0.1589688433939544 0.1610544498487837 0.15896884339395423 0.1527660420658595 0.1426067021735978 0.12875396253954643 0.11156664554723808 0.091490021626671497 0.069044542731522635 0.04481422677379085 0.019461788222318057
0.017614007113001127 0.040601429828515369 0.062672048309979564 0.08327674158246208 0.1019301198195387 0.11819453196178292 0.13168863844905321 0.14209610931837888 0.14917298647260377 0.15275338713072587 0.15275338713072587 0.14917298647260424 0.14209610931837355 0.13168863844905068 0.11819453196169312 0.1019301198153296 0.083276741587957268 0.06267204831946778 0.040601429823905646 0.017614007113638853
0.016017228284339369 0.036953789756409172 0.057134425457289369 0.076100113623839075 0.093444423461346626 0.10879729916524683 0.12183141605411345 0.13226893863335176 0.13988739479106951 0.14452440398996999 0.14608113364969047 0.14452440398996999 0.13988739479107221 0.13226893863333181 0.12183141605359155 0.10879729916623385 0.093444423457237205 0.076100113631295291 0.057134425442762982 0.036953789736955615 0.016017228287789908
0.014627995246845158 0.033774901612908005 0.0522933350485381 0.069796468437659839 0.085941606221369538 0.1004141444436439 0.11293229607985708 0.1232523768108475 0.13117350478704176 0.13654149834601484 0.13925187285563198 0.13925187285563198 0.1365414983460167 0.13117350478703901 0.12325237681071613 0.11293229607845434 0.10041414444653937 0.085941606204740048 0.069796468467193243 0.052293335105399651 0.033774901616240596 0.014627995236016518
0.013411859624619261 0.030988005681307173 0.048037671879370331 0.064232421299530648 0.079281411784242556 0.092915766038082201 0.10489209146734393 0.11499664022146229 0.12304908430689102 0.12890572218807259 0.13246203940469653 0.13365457218610619 0.13246203940469653 0.12890572218807295 0.12304908430690296 0.11499664022097429 0.10489209147142374 0.092915766047382359 0.079281411851845104 0.064232421388975003 0.04803767192748172 0.030988005663367263 0.013411859641277783
0.012341230026397006 0.028531388371396557 0.044277438993759265 0.059298584612749138 0.073346481469690236 0.086190161528392595 0.097618652116260057 0.10744427011366059 0.11550566805466489 0.12167047292771913 0.12583745634683041 0.12793819534675213 0.12793819534675216 0.12583745634683038 0.12167047292774072 0.11550566805451021 0.10744427011321452 0.097618652110113682 0.086190161497898696 0.073346481509409867 0.059298584915874135 0.044277439002772444 0.028531388387350559 0.012341230029895435
0.011393798906879644 0.026354986315662434 0.040939157182766188 0.054904695506548695 0.068038334125407218 0.080140700319077107 0.091028262026682655 0.10053594905804804 0.10851962447524631 0.1148582591455576 0.11945576353579568 0.1222424429903098 0.12317605372671545 0.12224244299030995 0.1194557635357959 0.11485825914552962 0.10851962447588062 0.10053594906347302 0.091028262010613009 0.080140700178170335 0.068038334053113297 0.054904695107161797 0.040939157563529796 0.026354986173904939 0.011393798808693798
0.010551373071014829 0.024417849986634623 0.037962383019802537 0.05097582472119809 0.063274046338780601 0.074684149804938413 0.085045894249117168 0.094213800366816147 0.10205916109623678 0.10847184052847855 0.11336181654633445 0.11666044348529669 0.11832141527926228 0.11832141527926228 0.11666044348529696 0.11336181654633634 0.10847184052831131 0.10205916109513528 0.094213800348214818 0.085045894367430236 0.074684149709083589 0.063274046501376066 0.050975824972323711 0.037962384018707683 0.024417850220651321 0.010551373036389797
0.0097989998493984518 0.022686228323996666 0.035297057502528997 0.047449410185682217 0.058983536550130812 0.069748823563121856 0.079604867890936154 0.08842315853515717 0.096088727374408447 0.10250163781797343 0.10757828578849964 0.11125248835685315 0.11347634610896495 0.11422086737895699 0.113476346108965 0.11125248835685354 0.10757828578840932 0.10250163781741901 0.096088727369709526 0.088423158548202138 0.079604868010829624 0.069748823367309226 0.058983538076799132 0.047449412858597821 0.035297057321624414 0.022686228233054533 0.0097990000348462409
0.0091242824329986188 0.021132112614363884 0.032901428854121222 0.044272939304133826 0.055107340373885871 0.065272924712343958 0.074646213985671422 0.083113417200286907 0.09057174440309089 0.096930657995361269 0.10211296757876173 0.10605576592279457 0.10871119225829536 0.11004701301647513 0.11004701301647511 0.10871119225829458 0.10605576592278229 0.10211296757875808 0.096930657996524366 0.090571744417117711 0.083113417144176596 0.074646213811382464 0.065272923243323594 0.055107346612353378 0.044272938061511252 0.032901429053146469 0.021132114210552663 0.0091242807858332164
0.0085169219134590083 0.019732075949267808 0.030740500916135956 0.041402078768926029 0.051594812427558236 0.061203094131945461 0.07011793314731285 0.078238327342241828 0.085472257290782783 0.091737757142885679 0.096963834093231019 0.10109127375989618 0.10407331007773257 0.10587615509732108 0.10647938171831425 0.10587615509732072 0.10407331007773492 0.1010912737598945 0.096963834092789095 0.091737757144772558 0.085472257310540437 0.078238327529335822 0.070117930512515164 0.061203094668144858 0.051594812557698981 0.041402085058493111 0.030740483081495042 0.019732077291698048 0.0085169207493303763
0.0079682348156229384 0.018466453845578677 0.028784705113134253 0.038799210605710253 0.048402664275952911 0.057493166031230308 0.065974227229300741 0.073755976409055207 0.080755895052071258 0.086899787210428237 0.092122522241680563 0.096368737173188973 0.099593420586985101 0.10176238974840136 0.10285265289355881 0.10285265289355885 0.10176238974840064 0.099593420586999201 0.096368737173159844 0.092122522244928326 0.086899787177787208 0.080755895229915997 0.073755975368779092 0.065974227695682452 0.057493159402723704 0.048402658622508636 0.038799207702414608 0.028784719882686254 0.018466419536933759 0.0079682342591430137
0.0074707473915464903 0.017318721781896439 0.027008954830956351 0.036432425780355555 0.045493642135730372 0.054103123396580834 0.062174772199191812 0.069628585088729336 0.076390385945513187 0.082392991958774836 0.087576740585730756 0.091890113894662617 0.095290242912375617 0.09774333538631727 0.099225011226672502 0.099720544793426444 0.099225011226672447 0.097743335386316174 0.095290242912419831 0.091890113895653408 0.087576740591733371 0.082392991933573828 0.076390385601392496 0.069628587985706814 0.062174770829759834 0.054103099426829365 0.04549363269744882 0.036432379417208983 0.027008898563874031 0.017318771115771393 0.0074707382949826973
0.0070185735668685974 0.016274519432784476 0.025391836716584671 0.034273981276697743 0.042835877823847075 0.050998106901912144 0.058684079949704648 0.065822218881142633 0.072345794591239007 0.078193895580255052 0.08331192438388775 0.087652092954203453 0.091173878705704384 0.093844399079837798 0.09563872007930152 0.096540088514727743 0.096540088514727784 0.095638720079301937 0.093844399079808224 0.09117387870582136 0.087652092950539773 0.083311924367492296 0.07819389571418775 0.072345793701670005 0.065822233346766484 0.058684066304041133 0.050998119808908594 0.04283585282444867 0.034273917703647676 0.025391684594161246 0.016274524811307502 0.0070185637642085422
0.0066070414820425145 0.015320847461820948 0.02391618642463629 0.032300298981327691 0.040401431589789205 0.048147688109460983 0.055470817237566195 0.062306499911632236 0.068594562306838358 0.074279858081261418 0.079312364048798864 0.083647876215543551 0.087248287607399222 0.090081958660335262 0.092123986643384281 0.093356426065595438 0.093768446160209989 0.093356426065595563 0.092123986643386668 0.090081958660252828 0.087248287608185843 0.083647876199180696 0.079312364013627984 0.074279857883485276 0.068594563356802002 0.062306494222058029 0.05547081138306955 0.048147775874910349 0.040401598737272781 0.032299975178646849 0.023916282507441395 0.015320692939702474 0.0066071168205801348
0.0062290022977065599 0.01445107066612638 0.022562672166470218 0.030492397878969874 0.038165503974748681 0.045526432190484231 0.052507111916133824 0.059054243253958499 0.065111477943688323 0.070629388144174424 0.075561971152719801 0.079868445231144364 0.08351309954020944 0.08646573976460635 0.088701897834810237 0.090203044370650701 0.090956740330259855 0.090956740330259911 0.090203044370650021 0.088701897834812582 0.086465739764753358 0.083513099541089528 0.079868445202628799 0.075561971491003216 0.070629386379576414 0.065111494189849115 0.059054220996590329 0.052507150028473795 0.045526173874040496 0.038165789359701004 0.030492830455032961 0.022561990540129095 0.014450648097323361 0.0062290973106386783
0.0058850970773897436 0.013648291138529082 0.021325100585433909 0.028827670487486395 0.036111222621921499 0.043107560831267107 0.049769424133876333 0.056040745503753424 0.061873701191471689 0.067222272544616504 0.072044799333394693 0.07630345563772109 0.079964942655878071 0.083000593656336413 0.085386653399344398 0.087104446996916246 0.088140530430276101 0.088486794907104288 0.088140530430276198 0.087104446996922186 0.085386653399306511 0.083000593656299748 0.079964942642641812 0.076303455591417657 0.072044799000916357 0.067222273887966047 0.061873677817466742 0.056040773413942355 0.049769520063755679 0.043108265828466351 0.036110148604481876 0.028827450324333256 0.02132543676389894 0.013649583645864416 0.0058844251192890244
0.0055640541624587102 0.012916944150811767 0.020175415545476545 0.027302151173683235 0.034209912634845914 0.040876448223508034 0.047233912021265645 0.053245013584636687 0.058860027499114544 0.064039835127057729 0.068745307266013189 0.072941890166549145 0.076598409299675665 0.079687829173129179 0.082187266672984857 0.084078218981537584 0.085346685739306483 0.085983275670394738 0.085983275670394696 0.08534668573930608 0.084078218981614009 0.082187266672050063 0.079687829180963343 0.076598409276240981 0.072941890316534114 0.068745309647555014 0.064039848147832715 0.05886006865734833 0.053244891078349538 0.047234124818382343 0.040875663319684515 0.034208171849154534 0.027302733696261072 0.020177699300158565 0.01291629599747042 0.0055637638842271561
0.0052795370671006722 0.012232767370231301 0.019125027871550657 0.025892575451438648 0.032449610594013259 0.038811064890826787 0.044884061414377376 0.050647234034616601 0.056051745337458388 0.061064504213439667 0.065648729516831164 0.069772449119527569 0.073406778358587985 0.076526207303870053 0.079108861876294706 0.081136624505466257 0.082595272236508255 0.083474573625862594 0.083768360993138904 0.083474573625862622 0.082595272236510614 0.081136624505316807 0.079108861880036047 0.076526207271686575 0.073406778551002055 0.069772448208897053 0.065648734062933894 0.06106452658608133 0.05605197821988786 0.05064638277146425 0.044883757211848008 0.038813092211576299 0.032464790797906005 0.025882724369576102 0.01913042547000025 0.01223517863384606 0.0052794829574697262
0.0050160207933610933 0.01159435077211401 0.018178717943338103 0.024564772748896419 0.030827724136958574 0.036888468088472515 0.042700122296682776 0.048229988468211367 0.053431285956566966 0.058280555804214297 0.062740898012752497 0.066783951414954135 0.070382502602047328 0.07351269397615727 0.076153663233659158 0.078287844703132103 0.079901033240412603 0.080982493770652489 0.081525029280385825 0.081525029280385797 0.080982493770652281 0.079901033240444036 0.07828784470248526 0.076153663242252603 0.073512693873253501 0.070382503085757511 0.066783944779937557 0.06274091363323625 0.058280420381350784 0.053431244058580095 0.048230950032381321 0.042699883941081138 0.036895017547405852 0.03083571794019118 0.024586376062737454 0.01816611631651345 0.011598403820728255 0.0050162419032008234
0.0047552831253306876 0.011044177397930061 0.017274051146774074 0.023406512416157169 0.029303347548049922 0.035130127298581698 0.040660545790149112 0.045976860366954288 0.050984431644413027 0.055672790291312127 0.06000867788565243 0.063965397042679492 0.067517626651856469 0.070643007537365438 0.073321753004367385 0.075536937388704789 0.077274552539324082 0.078523613287526786 0.07927622256836786 0.079527622139442852 0.079276222568367916 0.078523613287524927 0.077274552539407265 0.075536937386774458 0.07332175302907662 0.070643007390979423 0.067517627087958831 0.063965391316453415 0.060008686916335582 0.055672572993628509 0.050984666555931285 0.045975221394552193 0.040661795368509404 0.03513981789957047 0.029286620815133509 0.023429678832146264 0.017214102999015681 0.011051602997059986 0.0047533903377384289
0.0045954228675907415 0.010401826192587171 0.016543631056026117 0.022054568015374556 0.028032043751233065 0.033456725192618865 0.038815292967295134 0.043867833532534456 0.048695407341651974 0.053228499864760075 0.057439731719343294 0.061306211121213913 0.064804023444530234 0.06791204186205678 0.070611648492974424 0.072886582189355772 0.074723169080838467 0.07611036189909727 0.077039818164292881 0.077505947978424763 0.077505947978424763 0.077039818164293783 0.076110361899007453 0.074723169083290852 0.072886582162858413 0.07061164869480939 0.067912041247096627 0.06480402654504834 0.061306235150511375 0.057439807392506516 0.053227260790541076 0.048698763730329227 0.043872587051613531 0.038795894140112357 0.033450469347505805 0.027946599143867372 0.022213539633826586 0.016577585583232302 0.010372787762539429 0.0046011585093581261