0
-0.57735026918962562 0.57735026918962584
-0.77459666924148329 0 0.7745966692414834
-0.86113631159405357 -0.33998104358485653 0.33998104358485631 0.86113631159405313
-0.90617984593866441 -0.53846931010568277 0 0.53846931010568311 0.90617984593866396
-0.93246951420315205 -0.66120938646626537 -0.23861918608319693 0.23861918608319688 0.66120938646626426 0.93246951420315183
-0.94910791234275871 -0.74153118559939291 -0.40584515137739713 0 0.40584515137739696 0.74153118559939457 0.94910791234275826
-0.96028985649753984 -0.79666647741362329 -0.52553240991632966 -0.18343464249564975 0.18343464249564978 0.52553240991633066 0.79666647741362162 0.96028985649754117
-0.96816023950762631 -0.83603110732663333 -0.61337143270059014 -0.32425342340380908 0 0.32425342340380897 0.61337143270058891 0.8360311073266371 0.96816023950762309
-0.97390652851716852 -0.86506336668898831 -0.67940956829902499 -0.43339539412924699 -0.14887433898163116 0.14887433898163119 0.43339539412924682 0.67940956829902366 0.86506336668898887 0.97390652851716819
-0.97822865814606375 -0.8870625997680871 -0.7301520055740548 -0.51909612920680837 -0.26954315595234507 0 0.26954315595234513 0.51909612920681003 0.73015200557405169 0.88706259976809665 0.97822865814605775
-0.98156063424671192 -0.90411725637048468 -0.76990267419430658 -0.58731795428661726 -0.36783149899817985 -0.125233408511469 0.12523340851146889 0.36783149899818002 0.58731795428661893 0.76990267419429737 0.90411725637049511 0.98156063424670803
-0.98418305471859202 -0.91759839922295339 -0.8015780907333302 -0.6423493394403379 -0.44849275103644559 -0.23045831595513525 0 0.23045831595513483 0.44849275103644459 0.64234933944033779 0.80157809073333186 0.9175983992229414 0.98418305471860701
-0.98628380869673749 -0.92843488366373594 -0.82720131506964201 -0.68729290481171645 -0.51524863635815998 -0.31911236892788614 -0.10805494870734378 0.10805494870734375 0.31911236892788697 0.51524863635815699 0.68729290481171268 0.82720131506969274 0.92843488366364801 0.98628380869678389
-0.98799251802057964 -0.9372733924005473 -0.84820658341050748 -0.72441773136014287 -0.57097217260855804 -0.39415134707755711 -0.20119409399743488 0 0.20119409399743488 0.3941513470775575 0.57097217260856292 0.72441773136010135 0.84820658341061839 0.93727339240041263 0.98799251802063681
-0.98940093499126636 -0.94457502307402774 -0.86563120238720626 -0.75540440835526523 -0.61787624440258582 -0.4580167776572322 -0.28160355077925869 -0.095012509837637371 0.095012509837637607 0.28160355077925864 0.45801677765723436 0.61787624440257427 0.75540440835529232 0.8656312023872148 0.94457502307393926 0.98940093499132897
-0.99057547531375467 -0.95067552177021031 -0.88023915372580874 -0.78151400389727621 -0.65767115921661112 -0.51269053708646561 -0.35123176345388302 -0.17848418149584699 0 0.17848418149584774 0.35123176345388507 0.51269053708644696 0.65767115921671504 0.78151400389694725 0.88023915372639427 0.9506755217696593 0.99057547531397183
-0.99156516842107678 -0.95582394957103689 -0.89260246649798236 -0.80370495897208183 -0.69168704306072437 -0.55977083107375791 -0.41175116146288826 -0.25188622569150215 -0.084775013041735375 0.084775013041735348 0.2518862256915021 0.41175116146288948 0.55977083107375269 0.6916870430607267 0.80370495897211969 0.89260246649786679 0.95582394957116856 0.99156516842102493
-0.99240684384577782 -0.9602081521290502 -0.90315590362154585 -0.82271465653226616 -0.72096617733757329 -0.60054530466096268 -0.46457074137607157 -0.31656409996362739 -0.16035864564022509 0 0.16035864564022489 0.31656409996363027 0.46457074137606214 0.60054530466094536 0.72096617733781387 0.82271465653142817 0.90315590362317344 0.96020815212731137 0.99240684384651556
-0.99312859919577712 -0.96397192725190117 -0.91223442827775791 -0.83911697180645839 -0.74633190646577385 -0.63605368072561697 -0.51086700195069401 -0.37370608871550082 -0.2277858511416371 -0.076526521133497477 0.076526521133497366 0.22778585114163727 0.37370608871549893 0.5108670019506788 0.63605368072582036 0.74633190646487457 0.83911697180841016 0.91223442827537582 0.96397192725356384 0.99312859919525098
-0.99375217060949561 -0.9672268385910936 -0.92009933412806022 -0.85336336459482964 -0.76843996347190158 -0.66713880419818317 -0.55161883588719196 -0.42434212020739259 -0.28802131680241483 -0.14556185416089443 0 0.14556185416089443 0.28802131680241555 0.42434212020739304 0.55161883588712324 0.66713880419860461 0.76843996347064203 0.85336336459723583 0.92009933412485423 0.96722683859390346 0.99375217060839716
-0.99429458550242467 -0.97006049778680448 -0.92695677223809569 -0.86581257768418496 -0.7878168060010915 -0.69448726317461984 -0.58764040351213542 -0.46935583798531089 -0.34193582089227798 -0.20786042668821703 -0.069739273319722059 0.069739273319722003 0.2078604266882163 0.34193582089229402 0.46935583798514363 0.58764040351306379 0.69448726317137677 0.78781680600907666 0.86581257766984321 0.92695677225630801 0.97006049777193237 0.9942945855079115
-0.99476933494498854 -0.97254247135337168 -0.93297108666518902 -0.87675235840824595 -0.80488840152045138 -0.71866136319033691 -0.619609875736993 -0.50950147785445432 -0.39030103802870292 -0.26413568097047418 -0.13325682429846325 0 0.13325682429846325 0.26413568097047985 0.39030103802863797 0.50950147785483801 0.61960987573548243 0.71866136319466023 0.80488840151140406 0.87675235842251675 0.93297108664815176 0.97254247136730065 0.99476933493973607
-0.99518721990677084 -0.97472855619945464 -0.93827455174548935 -0.88641552720712957 -0.82000198583355444 -0.74012419167147758 -0.64809365188321144 -0.54542147141259001 -0.43379350761905267 -0.31504267969725452 -0.19111886747356957 -0.064056892862605658 0.064056892862605741 0.19111886747357187 0.31504267969721661 0.4337935076192786 0.54542147141191111 0.64809365188420698 0.74012419167199894 0.82000198582702832 0.88641552722385242 0.93827455172179708 0.9747285562188579 0.99518721989983783
-0.99555696964744489 -0.97666392187493334 -0.94297457066224688 -0.8949919983943575 -0.83344262840982619 -0.75925926322893322 -0.6735663683862676 -0.57766293027394822 -0.47300273143625382 -0.36117230581120929 -0.24386688372081558 -0.12286469261071355 0 0.12286469261071359 0.24386688372082233 0.36117230581112536 0.4730027314367608 0.57766293027199223 0.67356636839156336 0.75925926321757309 0.83344262843254435 0.89499199835091769 0.94297457072920854 0.97666392180864392 0.99555696967509333
-0.99588570097165696 -0.97838544638296976 -0.94715906623097412 -0.90263786223330067 -0.84544594269682083 -0.77638594885454293 -0.69642726039689773 -0.60669229303232786 -0.50844071481875497 -0.40305175512472902 -0.29200483948582423 -0.17685882035689768 -0.059230093429313242 0.05923009342931327 0.17685882035689762 0.29200483948582739 0.40305175512473679 0.508440714818717 0.60669229303137062 0.69642726040487879 0.77638594882363021 0.8454459427721297 0.90263786210841312 0.94715906637253877 0.97838544627990554 0.99588570100665086
-0.99617926149347569 -0.97992347938304036 -0.95090055430131615 -0.90948232283413055 -0.85620790714358375 -0.79177163933269334 -0.71701347366383916 -0.63290797197003701 -0.54055156457486619 -0.44114825174943728 -0.3359939036390987 -0.22645936543941828 -0.11397258560953481 0 0.11397258560953454 0.22645936543940937 0.33599390363914011 0.44114825174949424 0.54055156457483244 0.63290797196620985 0.71701347368182955 0.79177163929698935 0.85620790715960315 0.90948232292797282 0.95090055404317475 0.97992347968678839 0.99617926135949364
-0.99644249760483261 -0.98130316510930704 -0.9542592814108144 -0.9156330251406184 -0.86589252380200665 -0.80564137016853365 -0.73561087825529903 -0.65665109405286948 -0.56972047175461071 -0.47587422498418902 -0.37625151608164503 -0.27206162763602793 -0.1645692821333683 -0.055079289884033933 0.055079289884034141 0.16456928213336747 0.27206162763603542 0.37625151608164703 0.47587422498425025 0.56972047175198393 0.65665109407128042 0.7356108781923123 0.80564137028140193 0.86589252375609393 0.9156330248660316 0.95425928212235456 0.98130316430922537 0.9964424979481441
-0.99667943448355312 -0.98254552476940749 -0.9572855750801994 -0.92118024578861213 -0.87463780048883422 -0.81818548771775268 -0.75246285260479717 -0.67821453700997014 -0.59628179737152365 -0.50759295506600399 -0.41315288818154977 -0.31403163786768218 -0.21135228616589555 -0.10627823013268281 0 0.10627823013268292 0.21135228616590621 0.31403163786754362 0.41315288818276574 0.50759295505509849 0.59628179743616339 0.67821453676756405 0.75246285322818951 0.8181854865356194 0.87463780223057708 0.92118024373747254 0.95728557699004702 0.982545523485022 0.99667943491380084
-0.9968934666303797 -0.98366817115467919 -0.96002180451582142 -0.92620009787497481 -0.88256050510676443 -0.82956577661187558 -0.76777742692342621 -0.6978504963099057 -0.62052618260594872 -0.53662414825879035 -0.4470337694856843 -0.35270472555036647 -0.25463692616430783 -0.15386991360872965 -0.051471842555318732 0.051471842555318711 0.15386991360872759 0.25463692616422079 0.35270472555260135 0.44703376946741852 0.53662414834269634 0.62052618233933121 0.69785049697149504 0.76777742555375583 0.82956577900589445 0.88256050167215438 0.92620010174070966 0.96002180127609926 0.98366817301800935 0.99689346608855856
-0.99708751350132685 -0.98468582473163802 -0.96250402931504409 -0.93075691151369921 -0.88976008562353315 -0.83992028958173481 -0.78173316338622845 -0.71577677813978313 -0.64270672522602368 -0.5632491607816521 -0.47819378215712322 -0.38838590159986974 -0.29471806998056405 -0.1981211993358527 -0.099555312152331044 0 0.099555312152330863 0.19812119933586272 0.29471806998059685 0.38838590159760467 0.47819378217791841 0.56324916067783504 0.64270672558561748 0.71577677716776777 0.78173316557447636 0.83992028536367747 0.88976009255852506 0.93075690208400474 0.96250403931727846 0.98468581735734584 0.99708751609555979
-0.99726386947377121 -0.9856115048077575 -0.96476223059774335 -0.93490614028307462 -0.89632107750778423 -0.84936767694349335 -0.79448375765002266 -0.73218213786408859 -0.66304425825018387 -0.5877157611039433 -0.50689990729112122 -0.42135127671478401 -0.3318686021354082 -0.23928736227268799 -0.14447196158185013 -0.04830766568773983 0.048307665687739677 0.14447196158183709 0.23928736227302419 0.33186860213300401 0.42135127672304118 0.5068999072782826 0.58771576108384416 0.66304425843759396 0.73218213726257986 0.79448375890611345 0.849367674785107 0.89632108137357025 0.93490613322745963 0.96476224085484852 0.98561149526666503 0.99726387329074695
-0.99742436654565603 -0.98645660073688157 -0.96682186741092702 -0.93869515028614292 -0.90231640011283132 -0.85800972233406902 -0.80616241181477144 -0.74723042652250049 -0.68173200545856116 -0.61024232493938657 -0.53338991169342764 -0.45185001576870554 -0.36633925790837779 -0.2776090971569618 -0.18643929882613852 -0.093631065854765189 0 0.093631065854765952 0.18643929882608198 0.27760909715828008 0.36633925789508726 0.45185001585025442 0.53338991132812108 0.61024232625019337 0.68173200155114155 0.74723043637200071 0.80616239033206227 0.85800976377310068 0.90231632975059783 0.93869525098103268 0.96682175485394584 0.98645668723399127 0.9974243353594322
-0.99757176103462819 -0.98722773423039278 -0.96870853047742733 -0.94216191957371398 -0.90781025979487573 -0.86593409756925999 -0.8168846379985375 -0.76106461208064047 -0.69893926055817857 -0.63102165691489343 -0.55787552842610877 -0.48010653649013246 -0.39835927975983548 -0.31331108104525424 -0.22566669163729164 -0.13615235725880256 -0.04550982195310381 0.045509821953103449 0.13615235725879826 0.22566669163730291 0.31331108104638716 0.39835927974135787 0.4801065366357174 0.55787552768929249 0.63102165962962631 0.69893925267244805 0.76106463117449352 0.81688459806893876 0.8659341706610566 0.907810143871705 0.94216207355613202 0.96870836927064008 0.98722785240172606 0.99757171953434554
-0.99770592991164386 -0.9879376252498957 -0.97043503183955782 -0.94534756991171898 -0.91285259707391575 -0.87322000002697919 -0.8267495162338101 -0.773810425491962 -0.71481440234138871 -0.65022442686108817 -0.58054531062125625 -0.50632278811201425 -0.42813753663733217 -0.34660155554822014 -0.26235294105678131 -0.17605106117443187 -0.088371343275617492 0 0.088371343275617603 0.17605106117436833 0.26235294105774315 0.34660155554811195 0.42813753657709963 0.50632278855229795 0.58054530902452639 0.65022442998133423 0.71481440217517689 0.77381040182454575 0.82674961989929707 0.8732197141456054 0.91285317766155727 0.94534667859395338 0.97043604148062734 0.98793685561736266 0.99770620477838201
-0.99783098374839418 -0.98858496449171251 -0.97202981746060224 -0.94827089736995573 -0.91749937791133285 -0.87992875057056263 -0.83584782511858191 -0.78557579395182742 -0.72948947051060642 -0.66800104657465897 -0.6015677608250295 -0.53068024116887291 -0.45586395945698749 -0.37767254346988821 -0.29668499592405806 -0.21350089226706984 -0.12873610381080977 -0.043018198473707324 0.043018198473707477 0.12873610381084491 0.2135008922656137 0.29668499594308351 0.37767254333961298 0.45586396003954699 0.5306802392803851 0.60156776543810353 0.66800103818574441 0.72948948108194533 0.78557578612127077 0.83584783049881195 0.87992872198519123 0.91749949006102249 0.9482706476638102 0.97203016941949594 0.9885846598831135 0.99783109961334648
-0.99794181874365961 -0.98919378736643071 -0.97348257758389944 -0.95098176831993086 -0.92177517212472559 -0.88612811168585137 -0.84425179183092247 -0.79645955164996385 -0.74307872628737848 -0.68448637231452691 -0.62109256102687105 -0.55334241991736277 -0.48171086581330724 -0.4067005128810674 -0.32883742920497977 -0.24866779286097682 -0.16675393023726534 -0.083670408954780312 0 0.083670408954780048 0.1667539302371526 0.24866779286580412 0.32883742914068431 0.40670051335315316 0.48171086344450048 0.55334242891129715 0.62109253369700634 0.6844864414122025 0.74307857602046734 0.79645984068560038 0.84425129340246119 0.8861288756358161 0.92177416150722846 0.95098287986791707 0.97348161079855733 0.98919439277938925 0.99794162608989434
-0.9980445461616404 -0.98975420572786732 -0.97482767646752211 -0.95348199227080221 -0.92573165496123178 -0.89186041516431136 -0.85203315758211129 -0.80654478223461001 -0.75568579987253692 -0.69979859373503839 -0.6392545366080099 -0.57445593288161201 -0.5058347638732964 -0.43384715153994996 -0.35897244553634899 -0.2817088088510914 -0.20257045398418197 -0.12208402533511789 -0.040785147904578593 0.040785147904578732 0.12208402533513781 0.20257045398333773 0.28170880886819161 0.35897244533926664 0.43384715295847426 0.50583475684575219 0.57445595875886712 0.63925446164721389 0.69979877208794161 0.75568543924701015 0.80654541706122673 0.85203217777662521 0.89186172098879712 0.92573020862099453 0.95348325669446243 0.97482686347366931 0.9897545522207869 0.99804447087952575
-0.9981459769997344 -0.99025632007538023 -0.9760902083602031 -0.95578612734986035 -0.92939816445299628 -0.89717612540557956 -0.85924678826416279 -0.81590981790574246 -0.76739958524421215 -0.71404503624072191 -0.65617308494501914 -0.594153435457207 -0.52837730375725545 -0.45926049346077324 -0.38724017015109613 -0.31277155798997769 -0.23632551260131623 -0.15838533999166543 -0.079443804608807067 0 0.079443804608807442 0.1583853399917339 0.23632551259827705 0.31277155803462142 0.3872401698073249 0.45926049521010037 0.52837729707507264 0.59415345620131044 0.65617302967151037 0.71404516663596451 0.76739931329634226 0.81591030327328085 0.85924608683811798 0.89717688002935125 0.92939767917355731 0.95578607128304516 0.97609074391984518 0.99025572598542544 0.99814621962803562
-0.99820950027094568 -0.99080544428574113 -0.97715409187110425 -0.95801200998884128 -0.93275086069283353 -0.90212822122333347 -0.86595047862671204 -0.82461285527043482 -0.77830682241667104 -0.72731748093259097 -0.67195689449024221 -0.61255393498237631 -0.54946704538275914 -0.48307584676446547 -0.4137791886457286 -0.34199409441367018 -0.26815218447899775 -0.19269758075149726 -0.1160840706727635 -0.038772417506063334 0.038772417506063306 0.11608407067274409 0.1926975807541545 0.26815218442170341 0.34199409492543603 0.4137791860338817 0.48307585548332449 0.54946702562473082 0.61255396204843449 0.67195689576295181 0.72731734829160477 0.77830728310530872 0.82461181800428673 0.86595220264563633 0.90212614628568022 0.93275235828890346 0.95801210364375133 0.9771523714634256 0.99080750073299961 0.99820861797273086